965
442368
20592
75264
10
360000
214573
153600
91857
9900
5184
396
87
1134
248832
14256
999999937
47520
53760
472392
3960
37
938017885
5760
2376
100800
90
115200
491520
51840
63504
112
536870912
4536
1260
12800
26
998244353
84000
9240
14040
27720
2592
311040
288
6541551
145152
69
15840
81
6480
64152
92400
215040
24300
73
8448
5016
132300
6037
44800
257
74088
168960
14688
11340
55
17424
36283838
362880
19008
66528
7056
2100
142560
2560
409342369
408240
20480
110592
56448
4896
14560
4488
57600
1520
4158
4200
11000
39600
127
6600
48000
368640
559
7
43680
84579
2940
405
13440
19800
126
88
8087519
33792
5824
414720
7040
108000
47628
15750
170
1000000000
67
5000
91
31590
77760
226151256
301056
60480
57624
3371
38400
39936
665
66150
302400
1904
1600
934
10000
961175759
84
10368
5600
252000
42105
139968
67584
2430
15876
7920
364500
6075
37440
4
99840
41472
999999998
813
58320
5040
1249
21840
957262828
30
82
9489
94
4320
62208
3696
241920
31500
18
622080
6720
162000
16800
17920
8316
16128
56
32400
1632
7390
5346
115248
5721
44
83
23040
2250
18240
35100
3456
5200
8660
1215
79
13056
128
29
29120
5044
5280
13680
84240
17820
120
28672
49392
4725
63360
11232
47473
46080
192
28512
192000
82268566
67200
32076
76032
3312
125440
116
94500
10260
164640
2720
29160
112000
2707
13824
1836
41600
96768
12150
33401221
172032
32768
7776
2016
90720
54
58800
14400
88704
105
119
5601
48
16000
501
113
122877509
696
1615
2520
124416
108864
27456
17550
15680
4032
589833267
42000
59400
646
68040
86016
1001604
9425
136080
207360
268800
86400
240000
94080
281250
131980
85050
24576
56160
22848
998506315
189
42
45
40320
129600
38497
16320
7938
209952
21
180000
30973
71280
24
466560
52800
22176
116640
99000
70560
108
81648
43200
987
78750
95040
35280
123
13230
3360
102060
59136
68
2340
336000
110
114688
76
9408
51030
64800
32256
48238
9
20736
54432
82944
589824
361
221184
614400
291600
151200
5657
47958485
546
17136
48384
23760
104
700
43740
1680
9800
115
787320
31
24696
288000
49280
786432
430080
262440
10560
66
216
106
1530
986129769
22
1920
25920
25
15288
17
67893369
300000
107
954158175
97
2304
129
3157819
13500
50544
42755209
4539685
14112
95256
6552
96228
54600
9180
97200
486000
9600
69120
1008
13122
306180
40950
13
28000
1001
420
24750
14336
964532929
60000
52488
3864
8000
1323
34111
34300
100696425
21384
8424
45000
641
8320
2310
18000
50400
1848
5376
30720
3072
128000
3528
122
655360
6399199
85536
180
150528
40960
147456
69984
5808
3600
8772
3240
194241
2400
12870
7389
2160
138240
4675
98304
32670
3375
900360029
75600
3
630
58054077
9000
70200
3168
6840
15552
81920
92160
8640
2200
792
480000
1386
111
134400
2730
72000
5120
86
4480
8347
84480
4608
281
25600
3510
12240
78
983900459
126720
36960
19440
30240
89100
4800
49
217728
4680
673921
23115571
42120
4704
24192
59
34848
5
10800
922505446
233280
54880
314928
375000
42336
36864
163840
816
900
1824
65610
8976
38
256000
1512
21870
12096
18432
25002
14700
3584
85
6804
56700
4160
6765
2906162
7200
4173641
2352
457481
331776
969
48510
11016
23328
270000
373248
1048576
391
12960
70000
9450
76800
155520
6300
46
7560
34020
468
78000
118
21504
7897861
660
64512
58
1944
29700
16464
80949857
279936
1100
2736
746803744
18816
672
432255
118272
6930
688978813
7785
7455307
2618049
8208
24000
4733
92
99
64680
74880
122880
7296
1440
2156
193536
540
89
12544
211680
23232
5767201
40824
235200
810
145800
38016
118800
28800
9100
64
31752
11
362
2431
60
34
768
1701
107520
323
782
29400
144000
94770
57
72576
87480
21000
72
74
67500
42768
4374
340200
50
9216
71
576
459270
202500
18720
7500
49000
198450
54000
967669583
105000
70400
8550
77
96000
8960
49896
43
65
2640
10080
110250
163296
71805
135
12000
53
2000
31104
18480
4752
476014
46464
33696
63
16224
161280
45360
37800
8372259
102
517759
93
89600
6400
1584
395
1671
104976
168000
5520
519
33750
26460
2880
27000
5625
169344
15
3900
38880
8
29250
15400
994617
16
4620
307200
57024
72900
244944
49152
170100
186624
33108
23
552960
135000
725573
11264
55296
8015864
16524
20000
31680
245760
35
5616
12672
216000
621008
61440
322081025
79548
989447237
2600
7290
524880
57344
131220
109
33600
30030
20160
22464
32
4000
3888
482421315
587234
73728
388800
52416
904152917
23814
6
52
200000
133650
27184698
51
33
4050
101
653477439
29952
61740
95
805306368
96
124
322560
9504
5940
21952
70
32640
25200
393660
7128
160
1500
35640
3024
23400
44928
8400
346742385
176400
98
150000
7680
3509575
28080
23100
5073
345600
127008
1056
1960
2025
10500
79200
70235461
21168
35503
7392
4943
226800
259200
7025
4914
179200
432000
52920
236250
204120
120000
19656
44550
5304
405000
50688
16200
981028563
98415
69888
640
182250
132000
1620
9827
80640
11085765
103680
243000
92317161
699840
13860
8624
63180
49500
105600
294912
2688
10710
125
3120
157464
8100
123480
282791
40
697106497
22500
8250
31200
193
62
16380
12288
15120
201600
32805
65536
8064
393216
118263990
24480
349920
3645
567
2268
47040
32000
53940
999999999
14
1741
64922375
181440
17280
34560
196608
473
63000
34944
1890
324000
129024
1000000
504
12348
2
916855204
1800
61966
15390
121
633
4560
1764
1
103
21383
93312
105840
4655
230400
17640
25490988
174960
165888
524288
142884
5250
50000
276480
2070
949106497
448
19
141120
131
912
117
4312
546750
583200
300
518400
49920
9409159
460800
26880
5297
20
3564
12768
8748
6750
184320
48600
4410
510205
10752
2097152
75
3780
19200
2403381
22950
225792
10240
36
47
1817
224
1728
3264
81000
22680
5400
21600
80
83160
41580
194400
474
625433749
28
101250
112896
8826131
85881
926315427
85712697
20328
864
29484
441
11664
4788
3000
27216
