Case #1: 9 9 6 4 4 4 4 4 4 2
Case #2: 5 13 11 9 4 4
Case #3: 6 8 8 8 7 7 3
Case #4: 32 10 1 1 1 1 1 1 1 1 1 1 1 1 1 1 1 1 1 1 1 1 1 1 1 1 1 1 1 1 1 1 1
Case #5: 8 9 5 5 5 5 4 4 4
Case #6: -1
Case #7: 7 10 8 6 5 4 4 4
Case #8: -1
Case #9: 5 22 6 5 5 3
Case #10: 4 18 12 8 3
Case #11: 3 33 6 2
Case #12: 11 29 3 1 1 1 1 1 1 1 1 1
Case #13: 4 27 7 6 1
Case #14: 8 9 9 4 4 4 4 4 3
Case #15: 5 12 12 11 3 3
Case #16: -1
Case #17: 6 12 11 6 5 4 3
Case #18: 6 14 8 6 5 4 4
Case #19: 10 9 8 3 3 3 3 3 3 3 3
Case #20: 4 22 10 6 3
Case #21: 5 37 1 1 1 1
Case #22: -1
Case #23: 4 20 9 8 4
Case #24: 3 18 12 11
Case #25: 7 14 6 5 5 4 4 3
Case #26: 10 30 3 1 1 1 1 1 1 1 1
Case #27: 7 12 8 5 5 4 4 3
Case #28: 9 10 4 4 4 4 4 4 4 3
Case #29: 6 15 6 6 6 4 4
Case #30: 6 12 7 7 6 6 3
Case #31: 11 28 4 1 1 1 1 1 1 1 1 1
Case #32: -1
Case #33: 4 21 9 8 3
Case #34: 4 21 15 4 1
Case #35: 5 20 8 5 4 4
Case #36: 16 26 1 1 1 1 1 1 1 1 1 1 1 1 1 1 1
Case #37: -1
Case #38: 6 10 8 7 6 5 5
Case #39: 4 15 11 8 7
Case #40: 5 15 13 6 4 3
Case #41: 5 12 11 7 6 5
Case #42: 4 27 6 4 4
Case #43: 8 9 6 6 5 4 4 4 3
Case #44: 2 32 9
Case #45: -1
Case #46: 7 9 9 7 4 4 4 4
Case #47: 17 23 3 1 1 1 1 1 1 1 1 1 1 1 1 1 1 1
Case #48: 5 16 11 6 5 3
Case #49: 13 27 3 1 1 1 1 1 1 1 1 1 1 1
Case #50: 4 20 9 6 6
Case #51: 6 11 9 6 6 6 3
Case #52: 7 11 8 7 5 5 3 2
Case #53: 8 10 7 6 4 4 4 4 2
Case #54: 5 15 9 6 6 5
Case #55: -1
Case #56: 4 16 11 8 6
Case #57: 4 19 11 8 3
Case #58: 7 10 7 7 6 5 3 3
Case #59: -1
Case #60: 6 16 7 5 5 4 4
Case #61: -1
Case #62: 6 9 8 7 7 7 3
Case #63: 8 11 8 5 4 4 4 3 2
Case #64: 5 17 9 8 4 3
Case #65: 5 21 6 6 5 3
Case #66: 27 11 5 1 1 1 1 1 1 1 1 1 1 1 1 1 1 1 1 1 1 1 1 1 1 1 1 1
Case #67: 5 12 11 11 4 3
Case #68: -1
Case #69: 8 7 6 6 6 5 4 4 3
Case #70: 6 16 11 6 3 3 2
Case #71: 6 11 9 7 6 4 4
Case #72: 4 14 14 9 4
Case #73: 3 21 10 10
Case #74: 7 11 6 6 6 5 4 3
Case #75: 6 16 16 5 2 1 1
Case #76: -1
Case #77: 9 9 7 5 4 4 3 3 3 3
Case #78: 5 16 8 8 5 4
Case #79: 7 12 9 4 4 4 4 4
Case #80: 6 14 7 6 6 4 4
Case #81: 5 17 16 3 3 2
Case #82: 6 14 13 5 4 4 1
Case #83: 6 17 11 8 3 1 1
Case #84: 6 12 10 6 5 4 4
Case #85: 4 19 16 5 1
Case #86: 4 22 9 7 3
Case #87: 4 24 7 5 5
Case #88: 4 11 10 10 10
Case #89: 6 12 11 6 5 5 2
Case #90: -1
Case #91: 5 20 11 5 3 2
Case #92: 6 16 6 5 5 5 4
Case #93: 8 8 6 6 5 4 4 4 4
Case #94: -1
Case #95: 35 7 1 1 1 1 1 1 1 1 1 1 1 1 1 1 1 1 1 1 1 1 1 1 1 1 1 1 1 1 1 1 1 1 1 1
Case #96: 6 13 10 7 4 4 3
Case #97: -1
Case #98: 5 21 10 7 2 1
Case #99: 9 27 5 3 1 1 1 1 1 1
Case #100: 5 20 7 6 4 4
Case #101: 5 15 11 6 5 4
Case #102: 16 21 6 1 1 1 1 1 1 1 1 1 1 1 1 1 1
Case #103: 17 22 4 1 1 1 1 1 1 1 1 1 1 1 1 1 1 1
Case #104: -1
Case #105: 5 11 8 8 8 6
Case #106: 5 16 13 7 4 1
Case #107: 8 6 6 6 6 5 4 4 4
Case #108: 4 16 11 10 4
Case #109: 7 12 8 5 5 5 3 3
Case #110: 6 12 9 7 7 3 3
Case #111: 6 21 5 5 5 3 2
Case #112: 4 34 5 1 1
Case #113: -1
Case #114: -1
Case #115: 5 25 5 5 4 2
Case #116: 23 13 7 1 1 1 1 1 1 1 1 1 1 1 1 1 1 1 1 1 1 1 1 1
Case #117: 6 13 10 9 3 3 3
Case #118: 6 12 6 6 6 6 5
Case #119: -1
Case #120: 8 8 7 7 4 4 4 4 3
Case #121: 6 14 6 6 6 5 4
Case #122: 8 8 7 7 7 7 3 1 1
Case #123: -1
Case #124: 6 16 8 5 5 4 3
Case #125: 6 13 12 4 4 4 4
Case #126: 13 19 7 5 1 1 1 1 1 1 1 1 1 1
Case #127: 6 10 9 7 7 5 3
Case #128: 8 9 7 5 5 4 4 4 3
Case #129: 4 17 16 7 1
Case #130: 3 25 8 8
Case #131: -1
Case #132: 5 10 10 10 10 1
Case #133: -1
Case #134: 12 28 3 1 1 1 1 1 1 1 1 1 1
Case #135: 4 12 12 9 8
Case #136: 4 20 10 7 4
Case #137: 8 10 7 5 5 4 4 3 3
Case #138: -1
Case #139: 7 9 9 6 6 4 4 3
Case #140: 6 11 8 8 6 4 4
Case #141: 4 27 6 5 3
Case #142: 5 18 7 7 6 3
Case #143: 4 16 11 9 5
Case #144: 9 10 6 5 5 3 3 3 3 3
Case #145: 7 25 3 3 3 3 3 1
Case #146: 6 13 12 5 4 4 3
Case #147: 38 4 1 1 1 1 1 1 1 1 1 1 1 1 1 1 1 1 1 1 1 1 1 1 1 1 1 1 1 1 1 1 1 1 1 1 1 1 1
Case #148: 7 13 8 5 4 4 4 3
Case #149: 6 16 6 6 6 4 3
Case #150: -1
Case #151: -1
Case #152: 6 12 9 6 6 5 3
Case #153: 4 21 10 6 4
Case #154: -1
Case #155: 5 13 12 7 5 4
Case #156: -1
Case #157: 12 30 1 1 1 1 1 1 1 1 1 1 1
Case #158: -1
Case #159: -1
Case #160: -1
Case #161: 4 24 6 6 5
Case #162: 6 12 9 6 6 4 4
Case #163: 5 22 8 7 3 1
Case #164: 8 10 7 6 4 4 4 3 3
Case #165: 5 10 10 9 7 5
Case #166: 24 18 1 1 1 1 1 1 1 1 1 1 1 1 1 1 1 1 1 1 1 1 1 1 1
Case #167: 9 6 6 6 5 4 4 4 3 3
Case #168: 4 20 8 7 6
Case #169: 7 10 6 6 6 5 5 3
Case #170: 5 16 10 7 5 3
Case #171: 5 16 10 7 4 4
Case #172: 5 22 7 6 3 3
Case #173: 5 18 8 7 4 4
Case #174: 13 28 2 1 1 1 1 1 1 1 1 1 1 1
Case #175: 5 10 10 9 6 6
Case #176: 5 17 16 6 1 1
Case #177: -1
Case #178: 4 18 11 9 3
Case #179: 7 8 7 7 7 7 3 2
Case #180: -1
Case #181: 19 22 2 1 1 1 1 1 1 1 1 1 1 1 1 1 1 1 1 1
Case #182: -1
Case #183: 5 16 8 6 6 5
Case #184: 4 25 10 3 3
Case #185: 6 19 8 5 4 3 2
Case #186: 6 13 12 5 5 3 3
Case #187: 4 24 9 4 4
Case #188: 6 16 13 5 5 1 1
Case #189: -1
Case #190: 3 27 9 5
Case #191: -1
Case #192: 5 17 12 4 4 4
Case #193: 7 32 4 1 1 1 1 1
Case #194: 13 29 1 1 1 1 1 1 1 1 1 1 1 1
Case #195: 5 13 8 8 7 5
Case #196: -1
Case #197: 4 22 8 6 5
Case #198: 5 19 9 5 4 4
Case #199: 7 13 9 5 4 4 3 3
Case #200: 5 15 11 6 6 3
Case #201: 9 30 4 1 1 1 1 1 1 1
Case #202: 6 16 8 7 4 4 2
Case #203: 6 14 7 7 6 4 3
Case #204: 5 25 7 3 3 3
Case #205: 6 11 10 6 6 4 4
Case #206: 5 16 13 6 3 3
Case #207: -1
Case #208: 6 16 6 6 5 4 4
Case #209: 5 32 6 1 1 1
Case #210: 5 12 11 6 6 6
Case #211: 7 8 8 6 5 5 5 4
Case #212: -1
Case #213: 6 12 8 7 5 5 4
Case #214: 5 11 9 9 6 6
Case #215: 6 11 8 6 6 6 4
Case #216: 5 23 9 4 4 1
Case #217: 7 8 8 7 7 5 4 2
Case #218: 10 29 4 1 1 1 1 1 1 1 1
Case #219: 7 14 6 5 5 5 3 3
Case #220: 5 19 10 6 3 3
Case #221: 7 8 7 7 7 5 4 3
Case #222: 5 17 16 5 2 1
Case #223: 5 12 9 9 6 5
Case #224: 7 14 5 5 5 4 4 4
Case #225: -1
Case #226: 5 18 8 8 4 3
Case #227: 3 18 17 6
Case #228: 6 13 8 8 5 5 2
Case #229: 6 8 8 7 6 6 6
Case #230: 6 18 9 5 5 3 1
Case #231: -1
Case #232: 7 8 8 7 6 4 4 4
Case #233: 6 8 8 8 8 8 1
Case #234: 4 18 9 8 6
Case #235: 3 21 12 8
Case #236: 6 10 7 6 6 6 6
Case #237: 14 27 2 1 1 1 1 1 1 1 1 1 1 1 1
Case #238: 6 14 7 6 5 5 4
Case #239: 5 20 6 6 5 4
Case #240: 7 11 9 7 4 4 4 2
Case #241: 5 35 3 1 1 1
Case #242: 19 17 7 1 1 1 1 1 1 1 1 1 1 1 1 1 1 1 1 1
Case #243: -1
Case #244: 17 24 2 1 1 1 1 1 1 1 1 1 1 1 1 1 1 1
Case #245: 6 16 10 5 5 4 1
Case #246: -1
Case #247: -1
Case #248: -1
Case #249: 4 29 8 3 1
Case #250: 3 19 17 5
Case #251: 3 15 14 12
Case #252: 7 12 6 6 6 4 4 3
Case #253: 7 12 7 6 6 4 3 3
Case #254: 6 13 11 8 4 3 2
Case #255: 6 15 13 5 3 3 2
Case #256: 5 14 14 5 4 4
Case #257: 4 24 7 6 4
Case #258: -1
Case #259: 6 16 7 5 5 5 3
Case #260: 6 11 10 6 6 5 3
Case #261: 6 19 17 2 1 1 1
Case #262: 6 10 9 7 6 6 3
Case #263: 6 8 8 8 7 6 4
Case #264: -1
Case #265: -1
Case #266: 7 10 7 6 6 6 3 3
Case #267: 7 8 6 6 6 6 5 4
Case #268: 8 10 7 5 4 4 4 4 3
Case #269: 6 10 8 6 6 6 5
Case #270: 8 10 6 5 5 5 4 4 2
Case #271: 6 8 8 7 7 6 5
Case #272: 8 10 5 5 5 5 5 3 3
Case #273: -1
Case #274: 6 9 9 7 6 5 5
Case #275: 6 16 8 8 4 3 2
Case #276: 6 13 9 6 5 4 4
Case #277: 6 17 8 7 4 3 2
Case #278: -1
Case #279: 9 27 7 1 1 1 1 1 1 1
Case #280: 20 21 2 1 1 1 1 1 1 1 1 1 1 1 1 1 1 1 1 1 1
Case #281: 25 15 3 1 1 1 1 1 1 1 1 1 1 1 1 1 1 1 1 1 1 1 1 1 1 1
Case #282: 6 16 7 6 5 4 3
Case #283: 7 12 6 6 5 5 4 3
Case #284: -1
Case #285: 5 17 10 6 4 4
Case #286: 4 18 9 7 7
Case #287: 8 9 9 6 4 4 3 3 3
Case #288: 21 21 1 1 1 1 1 1 1 1 1 1 1 1 1 1 1 1 1 1 1 1
Case #289: 7 10 6 6 5 5 5 4
Case #290: -1
Case #291: 6 11 9 6 6 5 4
Case #292: 18 24 1 1 1 1 1 1 1 1 1 1 1 1 1 1 1 1 1
Case #293: 9 9 6 5 4 4 4 3 3 3
Case #294: 6 12 11 5 5 4 4
Case #295: 5 14 11 6 6 4
Case #296: 7 12 6 6 6 5 3 3
Case #297: 7 11 10 5 5 4 3 3
Case #298: 6 12 7 7 6 5 4
Case #299: 4 36 3 1 1
Case #300: 6 9 9 7 6 6 4
Case #301: 6 16 6 6 5 5 3
Case #302: -1
Case #303: 6 10 9 7 5 5 5
Case #304: 7 11 10 6 4 4 3 3
Case #305: 5 10 9 8 7 7
Case #306: -1
Case #307: 6 21 7 5 3 3 2
Case #308: 4 21 10 8 2
Case #309: 7 10 9 7 6 3 3 3
Case #310: 6 11 8 8 7 4 3
Case #311: 7 34 2 1 1 1 1 1
Case #312: 3 18 13 10
Case #313: 8 8 7 5 5 5 4 4 3
Case #314: 16 22 5 1 1 1 1 1 1 1 1 1 1 1 1 1 1
Case #315: 7 8 8 8 7 4 4 2
Case #316: 3 38 2 1
Case #317: 4 14 12 8 7
Case #318: 6 10 9 9 7 3 3
Case #319: 6 12 9 6 5 5 4
Case #320: 5 12 8 8 7 6
Case #321: -1
Case #322: 33 9 1 1 1 1 1 1 1 1 1 1 1 1 1 1 1 1 1 1 1 1 1 1 1 1 1 1 1 1 1 1 1 1
Case #323: 5 16 9 6 6 4
Case #324: 6 14 6 6 6 6 3
Case #325: 6 9 8 8 6 6 4
Case #326: 9 9 4 4 4 4 4 4 4 4
Case #327: 5 19 19 1 1 1
Case #328: 8 12 6 4 4 4 4 4 3
Case #329: 9 8 5 5 4 4 4 4 4 3
Case #330: 8 9 6 6 5 5 4 3 3
Case #331: 7 10 7 6 6 5 4 3
Case #332: -1
Case #333: -1
Case #334: 8 26 7 3 1 1 1 1 1
Case #335: 5 17 9 7 4 4
Case #336: 6 14 9 6 4 4 4
Case #337: 5 12 11 9 5 4
Case #338: 13 26 4 1 1 1 1 1 1 1 1 1 1 1
Case #339: 3 25 14 2
Case #340: 6 12 9 9 5 3 3
Case #341: 3 24 10 7
Case #342: 4 14 10 10 7
Case #343: 15 23 5 1 1 1 1 1 1 1 1 1 1 1 1 1
Case #344: 10 6 6 6 5 3 3 3 3 3 3
Case #345: 11 31 1 1 1 1 1 1 1 1 1 1
Case #346: 5 14 9 7 7 4
Case #347: 8 10 6 5 5 4 4 4 3
Case #348: 6 11 8 8 7 5 2
Case #349: 10 8 4 4 4 4 4 4 4 3 2
Case #350: 9 8 7 5 4 4 4 4 3 2
Case #351: 8 9 6 6 6 5 3 3 3
Case #352: 4 12 11 10 8
Case #353: 8 33 2 1 1 1 1 1 1
Case #354: 3 36 3 2
Case #355: -1
Case #356: 4 18 17 5 1
Case #357: -1
Case #358: 20 22 1 1 1 1 1 1 1 1 1 1 1 1 1 1 1 1 1 1 1
Case #359: 4 20 16 3 2
Case #360: 5 15 8 6 6 6
Case #361: 17 25 1 1 1 1 1 1 1 1 1 1 1 1 1 1 1 1
Case #362: 5 14 13 7 4 3
Case #363: 25 17 1 1 1 1 1 1 1 1 1 1 1 1 1 1 1 1 1 1 1 1 1 1 1 1
Case #364: -1
Case #365: 8 10 5 5 5 5 4 4 3
Case #366: -1
Case #367: -1
Case #368: -1
Case #369: 3 16 16 9
Case #370: -1
Case #371: -1
Case #372: 5 18 10 5 5 3
Case #373: 6 13 9 6 6 4 3
Case #374: -1
Case #375: -1
Case #376: 5 16 9 7 7 2
Case #377: 6 9 7 7 6 6 6
Case #378: 5 14 13 9 4 1
Case #379: 7 11 9 6 6 3 3 3
Case #380: 6 13 8 7 5 5 3
Case #381: 5 17 10 9 3 2
Case #382: 7 12 9 5 5 4 3 3
Case #383: 9 9 5 5 5 4 4 3 3 3
Case #384: 4 15 10 8 8
Case #385: 6 12 8 6 6 5 4
Case #386: 3 28 9 4
Case #387: 8 18 9 3 3 3 3 1 1
Case #388: 9 10 7 6 3 3 3 3 3 3
Case #389: 6 13 10 7 5 3 3
Case #390: 29 13 1 1 1 1 1 1 1 1 1 1 1 1 1 1 1 1 1 1 1 1 1 1 1 1 1 1 1 1
Case #391: 5 10 10 10 7 4
Case #392: 13 13 11 7 1 1 1 1 1 1 1 1 1 1
Case #393: 2 21 20
Case #394: 6 15 11 5 5 3 2
Case #395: 5 16 8 8 7 2
Case #396: -1
Case #397: 6 12 10 5 5 5 4
Case #398: 6 9 9 9 8 3 3
Case #399: 4 23 8 7 3
Case #400: 4 16 10 10 5
Case #401: 3 27 7 7
Case #402: -1
Case #403: 5 10 10 7 7 7
Case #404: -1
Case #405: 5 12 11 9 6 3
Case #406: 5 18 13 4 3 3
Case #407: 6 15 8 5 5 5 3
Case #408: -1
Case #409: 6 16 13 5 4 2 1
Case #410: 4 15 14 11 1
Case #411: 5 18 8 5 5 5
Case #412: 6 15 7 6 5 4 4
Case #413: 3 22 12 7
Case #414: 4 21 8 8 4
Case #415: 5 12 8 8 8 5
Case #416: 5 24 8 4 4 1
Case #417: 7 10 10 5 4 4 4 4
Case #418: 4 24 7 7 3
Case #419: -1
Case #420: 9 8 5 4 4 4 4 4 4 4
Case #421: -1
Case #422: 6 11 6 6 6 6 6
Case #423: 2 36 5
Case #424: 7 8 8 7 7 4 4 3
Case #425: 6 16 8 5 4 4 4
Case #426: 7 9 8 8 4 4 4 4
Case #427: 6 9 9 9 6 4 4
Case #428: 4 16 11 11 3
Case #429: 4 25 6 6 4
Case #430: -1
Case #431: 4 24 9 5 3
Case #432: -1
Case #433: 3 16 15 10
Case #434: 6 13 11 10 3 3 1
Case #435: -1
Case #436: 3 20 12 9
Case #437: 7 12 6 6 5 4 4 4
Case #438: 7 17 11 5 5 1 1 1
Case #439: 7 8 8 8 8 4 3 2
Case #440: 6 11 11 10 3 3 3
Case #441: 7 25 5 3 3 3 1 1
Case #442: -1
Case #443: 6 12 7 6 6 5 5
Case #444: 39 3 1 1 1 1 1 1 1 1 1 1 1 1 1 1 1 1 1 1 1 1 1 1 1 1 1 1 1 1 1 1 1 1 1 1 1 1 1 1
Case #445: 4 30 7 3 1
Case #446: -1
Case #447: 4 15 10 10 6
Case #448: 6 13 6 6 6 5 5
Case #449: 4 22 12 4 3
Case #450: 4 19 10 6 6
Case #451: 5 18 9 6 4 4
Case #452: 6 8 8 8 8 5 4
Case #453: 6 8 8 8 6 6 5
Case #454: 4 16 10 9 6
Case #455: 3 20 11 10
Case #456: 6 24 11 3 1 1 1
Case #457: 9 8 5 5 5 5 4 4 3 2
Case #458: 6 22 9 7 1 1 1
Case #459: 3 37 3 1
Case #460: 7 12 7 5 5 4 4 4
Case #461: 4 26 7 5 3
Case #462: 6 12 8 6 5 5 5
Case #463: 4 16 16 5 4
Case #464: -1
Case #465: 6 20 8 7 4 1 1
Case #466: -1
Case #467: 7 11 10 6 4 4 4 2
Case #468: 4 16 16 6 3
Case #469: -1
Case #470: 6 20 5 4 4 4 4
Case #471: 6 26 5 3 3 3 1
Case #472: 5 17 12 5 4 3
Case #473: 2 39 2
Case #474: -1
Case #475: 7 11 9 5 4 4 4 4
Case #476: 6 14 11 5 4 4 3
Case #477: 5 18 6 6 6 5
Case #478: 5 12 10 7 6 6
Case #479: 7 11 10 6 5 3 3 3
Case #480: 4 20 12 5 4
Case #481: 29 7 7 1 1 1 1 1 1 1 1 1 1 1 1 1 1 1 1 1 1 1 1 1 1 1 1 1 1 1
Case #482: 7 7 6 6 6 6 6 4
Case #483: 5 26 5 4 3 3
Case #484: -1
Case #485: -1
Case #486: 6 13 10 6 6 3 3
Case #487: 5 21 8 7 4 1
Case #488: 5 16 7 6 6 6
Case #489: -1
Case #490: 6 11 11 9 4 4 2
Case #491: 37 5 1 1 1 1 1 1 1 1 1 1 1 1 1 1 1 1 1 1 1 1 1 1 1 1 1 1 1 1 1 1 1 1 1 1 1 1
Case #492: 4 12 10 10 9
Case #493: -1
Case #494: 7 6 6 6 6 6 6 5
Case #495: 6 14 7 7 5 4 4
Case #496: 9 9 9 4 4 3 3 3 3 3
Case #497: 8 8 5 5 5 5 5 5 3
Case #498: 6 14 9 7 4 4 3
Case #499: 5 9 8 8 8 8
Case #500: 7 8 8 8 5 4 4 4
Case #501: 8 17 16 3 1 1 1 1 1
Case #502: 3 30 6 5
Case #503: 3 19 16 6
Case #504: 6 9 9 9 6 5 3
Case #505: 5 17 11 8 3 2
Case #506: 4 38 1 1 1
Case #507: 8 8 8 5 5 5 4 4 2
Case #508: 4 24 9 7 1
Case #509: 6 18 9 5 3 3 3
Case #510: 5 21 6 6 4 4
Case #511: 5 16 9 8 4 4
Case #512: -1
Case #513: 5 15 10 7 7 2
Case #514: 4 16 16 7 2
Case #515: 21 17 5 1 1 1 1 1 1 1 1 1 1 1 1 1 1 1 1 1 1 1
Case #516: 5 21 9 6 3 2
Case #517: 6 12 9 7 5 5 3
Case #518: 4 20 13 4 4
Case #519: -1
Case #520: -1
Case #521: 4 18 10 8 5
Case #522: -1
Case #523: 4 21 14 4 2
Case #524: -1
Case #525: 8 9 6 6 4 4 4 4 4
Case #526: 5 19 17 3 1 1
Case #527: 6 11 10 7 7 3 3
Case #528: 5 17 12 6 3 3
Case #529: 5 12 9 9 8 3
Case #530: 8 10 6 5 5 5 4 3 3
Case #531: 8 6 6 6 6 6 4 4 3
Case #532: 11 4 4 4 4 4 4 4 4 4 4 1
Case #533: 3 23 17 1
Case #534: 5 20 6 6 6 3
Case #535: 6 10 10 7 5 5 4
Case #536: 4 15 10 9 7
Case #537: 6 10 8 8 6 5 4
Case #538: 7 10 6 6 6 6 4 3
Case #539: 4 20 9 7 5
Case #540: 18 23 2 1 1 1 1 1 1 1 1 1 1 1 1 1 1 1 1
Case #541: 4 18 10 7 6
Case #542: 5 10 9 9 7 6
Case #543: 7 26 9 2 1 1 1 1
Case #544: 7 13 8 5 5 5 3 2
Case #545: -1
Case #546: 5 16 8 7 6 4
Case #547: -1
Case #548: 5 22 15 2 1 1
Case #549: 6 12 8 7 6 4 4
Case #550: 12 29 2 1 1 1 1 1 1 1 1 1 1
Case #551: 4 27 8 3 3
Case #552: 5 11 10 9 6 5
Case #553: 6 16 7 7 7 3 1
Case #554: -1
Case #555: 8 9 6 6 6 4 4 3 3
Case #556: 4 25 11 4 1
Case #557: 4 19 16 3 3
Case #558: -1
Case #559: 5 16 8 7 7 3
Case #560: 4 24 14 2 1
Case #561: -1
Case #562: 7 11 8 7 4 4 4 3
Case #563: 4 18 11 7 5
Case #564: -1
Case #565: -1
Case #566: -1
Case #567: -1
Case #568: 5 19 12 4 3 3
Case #569: 5 15 8 8 5 5
Case #570: -1
Case #571: 16 23 4 1 1 1 1 1 1 1 1 1 1 1 1 1 1
Case #572: 7 33 3 1 1 1 1 1
Case #573: 6 11 8 7 7 5 3
Case #574: 7 13 10 4 4 4 3 3
Case #575: 7 12 8 5 4 4 4 4
Case #576: 4 19 8 8 6
Case #577: 3 24 12 5
Case #578: 5 14 14 11 1 1
Case #579: 7 8 7 6 6 6 4 4
Case #580: 3 30 9 2
Case #581: -1
Case #582: 6 16 8 7 7 2 1
Case #583: 7 7 7 6 6 6 5 4
Case #584: 5 11 11 8 8 3
Case #585: -1
Case #586: 6 14 9 6 6 3 3
Case #587: 8 8 7 7 5 5 4 3 2
Case #588: 4 27 10 3 1
Case #589: 7 9 9 6 5 5 4 3
Case #590: 6 12 11 8 4 3 3
Case #591: 7 11 9 5 5 4 4 3
Case #592: 5 12 10 8 6 5
Case #593: 5 13 10 10 7 1
Case #594: 9 32 2 1 1 1 1 1 1 1
Case #595: 5 12 9 7 7 6
Case #596: 31 11 1 1 1 1 1 1 1 1 1 1 1 1 1 1 1 1 1 1 1 1 1 1 1 1 1 1 1 1 1 1
Case #597: -1
Case #598: 3 17 13 11
Case #599: 11 30 2 1 1 1 1 1 1 1 1 1
Case #600: 8 34 1 1 1 1 1 1 1
Case #601: 4 32 4 3 2
Case #602: 5 27 7 3 3 1
Case #603: 7 14 6 5 4 4 4 4
Case #604: 7 19 17 1 1 1 1 1
Case #605: -1
Case #606: 5 12 10 7 7 5
Case #607: 7 12 6 5 5 5 4 4
Case #608: 8 13 10 3 3 3 3 3 3
Case #609: 21 19 3 1 1 1 1 1 1 1 1 1 1 1 1 1 1 1 1 1 1 1
Case #610: 6 12 7 6 6 6 4
Case #611: 6 9 9 6 6 6 5
Case #612: 5 15 10 7 5 4
Case #613: 5 36 2 1 1 1
Case #614: 4 37 2 1 1
Case #615: 6 12 9 5 5 5 5
Case #616: 6 12 11 6 6 3 3
Case #617: 6 27 3 3 3 3 2
Case #618: 8 7 6 6 6 5 5 3 3
Case #619: 16 25 2 1 1 1 1 1 1 1 1 1 1 1 1 1 1
Case #620: 4 16 9 8 8
Case #621: -1
Case #622: 3 32 6 3
Case #623: 10 10 7 3 3 3 3 3 3 3 3
Case #624: 7 9 6 6 5 5 5 5
Case #625: 5 13 12 8 5 3
Case #626: 5 15 10 10 5 1
Case #627: 6 10 10 7 7 5 2
Case #628: 8 10 7 7 5 3 3 3 3
Case #629: 6 15 6 6 5 5 4
Case #630: -1
Case #631: 7 14 5 5 5 5 4 3
Case #632: 6 11 8 8 5 5 4
Case #633: 6 19 10 5 3 3 1
Case #634: 25 11 7 1 1 1 1 1 1 1 1 1 1 1 1 1 1 1 1 1 1 1 1 1 1 1
Case #635: 7 15 5 5 4 4 4 4
Case #636: 4 16 10 8 7
Case #637: 6 11 9 8 7 3 3
Case #638: -1
Case #639: 25 13 5 1 1 1 1 1 1 1 1 1 1 1 1 1 1 1 1 1 1 1 1 1 1 1
Case #640: 4 22 12 5 2
Case #641: 4 14 10 9 8
Case #642: 8 10 7 7 5 5 3 3 1
Case #643: 7 9 7 6 6 6 4 3
Case #644: -1
Case #645: 11 27 5 1 1 1 1 1 1 1 1 1
Case #646: 5 20 8 5 5 3
Case #647: -1
Case #648: 4 25 10 4 2
Case #649: 5 12 9 8 6 6
Case #650: 5 15 11 7 4 4
Case #651: 4 22 9 6 4
Case #652: -1
Case #653: 6 11 11 8 4 4 3
Case #654: 6 13 12 6 4 3 3
Case #655: 19 21 3 1 1 1 1 1 1 1 1 1 1 1 1 1 1 1 1 1
Case #656: 5 13 13 8 4 3
Case #657: 7 10 7 6 6 4 4 4
Case #658: 6 15 7 6 6 4 3
Case #659: 6 15 8 7 5 3 3
Case #660: -1
Case #661: 6 34 3 1 1 1 1
Case #662: -1
Case #663: 9 31 3 1 1 1 1 1 1 1
Case #664: 6 8 8 8 7 5 5
Case #665: 4 20 8 8 5
Case #666: 3 24 11 6
Case #667: -1
Case #668: -1
Case #669: 7 9 9 9 4 4 3 3
Case #670: 7 10 7 6 5 5 4 4
Case #671: 5 23 8 5 3 2
Case #672: -1
Case #673: 6 18 5 5 5 5 3
Case #674: 5 15 7 7 6 6
Case #675: 4 24 10 4 3
Case #676: 5 12 10 9 5 5
Case #677: 5 25 5 5 3 3
Case #678: 7 9 7 7 6 4 4 4
Case #679: 27 15 1 1 1 1 1 1 1 1 1 1 1 1 1 1 1 1 1 1 1 1 1 1 1 1 1 1
Case #680: 4 20 13 5 3
Case #681: 6 15 9 6 4 4 3
Case #682: 34 8 1 1 1 1 1 1 1 1 1 1 1 1 1 1 1 1 1 1 1 1 1 1 1 1 1 1 1 1 1 1 1 1 1
Case #683: 8 13 10 5 5 3 3 1 1
Case #684: 6 11 10 10 7 2 1
Case #685: -1
Case #686: 26 16 1 1 1 1 1 1 1 1 1 1 1 1 1 1 1 1 1 1 1 1 1 1 1 1 1
Case #687: 4 21 11 5 4
Case #688: 8 10 6 5 4 4 4 4 4
Case #689: 6 11 9 9 4 4 4
Case #690: 6 9 9 9 5 5 4
Case #691: 8 9 7 6 6 4 3 3 3
Case #692: 7 16 8 4 4 4 3 2
Case #693: 7 9 7 6 6 5 5 3
Case #694: 7 9 6 6 6 6 4 4
Case #695: -1
Case #696: 19 23 1 1 1 1 1 1 1 1 1 1 1 1 1 1 1 1 1 1
Case #697: 9 9 5 4 4 4 4 4 4 3
Case #698: 7 12 6 5 5 5 5 3
Case #699: -1
Case #700: 5 16 11 8 4 2
Case #701: 6 12 9 8 4 4 4
Case #702: -1
Case #703: 5 17 9 6 6 3
Case #704: 5 16 10 5 5 5
Case #705: 5 11 10 8 6 6
Case #706: 8 12 5 4 4 4 4 4 4
Case #707: 7 35 1 1 1 1 1 1
Case #708: 4 18 13 6 4
Case #709: 5 18 11 4 4 4
Case #710: 7 8 6 6 6 5 5 5
Case #711: -1
Case #712: 6 12 8 8 5 4 4
Case #713: -1
Case #714: -1
Case #715: -1
Case #716: 5 26 5 5 4 1
Case #717: 4 18 9 9 5
Case #718: 9 6 6 6 6 5 3 3 3 3
Case #719: 6 8 8 8 8 7 2
Case #720: 7 9 9 6 6 5 3 3
Case #721: -1
Case #722: 5 10 10 8 7 6
Case #723: 6 13 11 7 5 3 2
Case #724: 5 16 9 7 5 4
Case #725: 5 13 12 6 6 4
Case #726: 10 32 1 1 1 1 1 1 1 1 1
Case #727: 6 25 5 4 4 2 1
Case #728: 4 18 12 9 2
Case #729: -1
Case #730: -1
Case #731: 6 9 8 8 8 4 4
Case #732: 8 6 6 6 6 5 5 4 3
Case #733: 6 13 9 7 4 4 4
Case #734: -1
Case #735: 6 18 7 7 3 3 3
Case #736: 36 6 1 1 1 1 1 1 1 1 1 1 1 1 1 1 1 1 1 1 1 1 1 1 1 1 1 1 1 1 1 1 1 1 1 1 1
Case #737: 15 26 2 1 1 1 1 1 1 1 1 1 1 1 1 1
Case #738: 7 8 8 5 5 5 5 5
Case #739: 8 11 10 5 3 3 3 3 3
Case #740: -1
Case #741: 23 17 3 1 1 1 1 1 1 1 1 1 1 1 1 1 1 1 1 1 1 1 1 1
Case #742: 9 33 1 1 1 1 1 1 1 1
Case #743: 4 18 15 5 3
Case #744: -1
Case #745: -1
Case #746: 5 13 8 8 6 6
Case #747: 6 12 7 7 7 5 3
Case #748: 19 19 5 1 1 1 1 1 1 1 1 1 1 1 1 1 1 1 1 1
Case #749: -1
Case #750: 8 32 3 1 1 1 1 1 1
Case #751: 8 31 4 1 1 1 1 1 1
Case #752: 8 9 7 5 4 4 4 4 4
Case #753: 4 12 12 11 6
Case #754: 4 15 12 11 3
Case #755: 5 16 7 7 7 4
Case #756: 6 35 2 1 1 1 1
Case #757: 6 17 8 5 4 4 3
Case #758: 5 15 8 7 6 5
Case #759: 9 9 6 6 5 3 3 3 3 3
Case #760: 4 18 11 6 6
Case #761: 6 32 5 1 1 1 1
Case #762: 3 25 10 6
Case #763: 6 11 10 9 6 3 2
Case #764: 4 21 12 6 2
Case #765: 5 13 12 6 5 5
Case #766: 6 13 9 8 4 4 3
Case #767: 4 14 12 10 5
Case #768: -1
Case #769: 7 9 7 7 5 5 4 4
Case #770: 22 14 7 1 1 1 1 1 1 1 1 1 1 1 1 1 1 1 1 1 1 1 1
Case #771: 7 12 5 5 5 5 5 4
Case #772: 4 16 12 8 5
Case #773: -1
Case #774: 5 13 10 6 6 6
Case #775: 5 14 11 6 5 5
Case #776: -1
Case #777: 8 9 6 5 5 4 4 4 4
Case #778: 7 9 8 7 7 4 3 3
Case #779: 3 22 16 3
Case #780: 3 20 14 7
Case #781: 5 27 5 5 3 1
Case #782: 5 15 14 5 5 2
Case #783: 6 11 8 6 6 5 5
Case #784: -1
Case #785: 5 14 9 8 7 3
Case #786: -1
Case #787: 4 14 12 11 4
Case #788: -1
Case #789: 7 7 6 6 6 6 5 5
Case #790: 8 10 6 6 5 4 4 3 3
Case #791: -1
Case #792: 4 18 13 7 3
Case #793: 7 8 8 7 5 5 4 4
Case #794: 8 6 6 6 5 5 5 4 4
Case #795: 6 14 7 6 6 5 3
Case #796: 8 10 7 5 5 5 3 3 3
Case #797: 8 10 7 6 6 3 3 3 3
Case #798: 7 10 10 5 5 4 4 3
Case #799: 5 13 12 7 6 3
Case #800: 6 11 10 9 5 3 3
Case #801: 4 17 13 8 3
Case #802: 8 6 6 6 5 5 5 5 3
Case #803: 6 12 11 6 4 4 4
Case #804: 5 18 9 5 5 4
Case #805: -1
Case #806: 7 9 9 9 5 3 3 3
Case #807: 7 13 8 7 4 4 3 2
Case #808: 3 32 5 4
Case #809: 8 10 9 5 5 3 3 3 3
Case #810: 7 11 8 5 5 5 4 3
Case #811: 3 18 18 5
Case #812: -1
Case #813: 6 10 8 7 6 6 4
Case #814: -1
Case #815: 7 12 9 5 4 4 4 3
Case #816: 8 10 6 6 5 5 3 3 3
Case #817: -1
Case #818: 10 9 5 4 4 4 3 3 3 3 3
Case #819: 5 15 11 7 6 2
Case #820: 4 16 11 7 7
Case #821: 7 13 10 6 3 3 3 3
Case #822: 6 12 11 5 5 5 3
Case #823: 7 11 10 5 4 4 4 3
Case #824: 8 9 8 4 4 4 4 4 4
Case #825: 4 24 8 7 2
Case #826: 6 17 10 7 3 3 1
Case #827: 13 25 5 1 1 1 1 1 1 1 1 1 1 1
Case #828: 4 26 6 5 4
Case #829: 8 9 9 8 3 3 3 3 3
Case #830: 4 15 12 9 5
Case #831: 7 10 7 7 7 4 3 3
Case #832: -1
Case #833: 2 40 1
Case #834: -1
Case #835: 5 15 10 6 5 5
Case #836: 4 15 11 10 5
Case #837: 6 13 12 5 5 4 2
Case #838: -1
Case #839: 10 31 2 1 1 1 1 1 1 1 1
Case #840: 5 14 13 6 5 3
Case #841: 6 16 12 4 4 4 1
Case #842: 5 18 8 7 5 3
Case #843: 7 8 7 6 6 5 5 4
Case #844: 5 9 9 9 9 5
Case #845: 7 8 8 8 8 4 4 1
Case #846: 4 18 8 8 7
Case #847: 9 8 8 4 4 4 4 4 3 2
Case #848: -1
Case #849: 6 17 10 4 4 3 3
Case #850: 8 6 6 6 6 6 5 3 3
Case #851: 5 27 5 3 3 3
Case #852: 7 27 7 3 1 1 1 1
Case #853: 3 18 14 9
Case #854: 6 15 7 7 4 4 4
Case #855: 5 10 10 8 8 5
Case #856: -1
Case #857: -1
Case #858: 28 14 1 1 1 1 1 1 1 1 1 1 1 1 1 1 1 1 1 1 1 1 1 1 1 1 1 1 1
Case #859: -1
Case #860: -1
Case #861: 7 9 7 6 6 5 4 4
Case #862: 5 18 8 6 5 4
Case #863: 5 10 9 8 8 6
Case #864: 8 8 8 8 4 4 4 3 2
Case #865: -1
Case #866: 6 14 6 6 5 5 5
Case #867: 6 13 8 8 7 3 2
Case #868: 4 27 7 5 2
Case #869: 8 9 6 5 5 5 4 4 3
Case #870: 7 12 7 6 4 4 4 4
Case #871: -1
Case #872: 5 28 9 2 1 1
Case #873: 5 18 7 7 7 2
Case #874: 40 2 1 1 1 1 1 1 1 1 1 1 1 1 1 1 1 1 1 1 1 1 1 1 1 1 1 1 1 1 1 1 1 1 1 1 1 1 1 1 1
Case #875: -1
Case #876: 3 20 15 6
Case #877: -1
Case #878: 6 19 10 3 3 3 3
Case #879: 21 11 11 1 1 1 1 1 1 1 1 1 1 1 1 1 1 1 1 1 1 1
Case #880: -1
Case #881: 5 19 12 5 4 1
Case #882: 3 21 14 6
Case #883: 41 1 1 1 1 1 1 1 1 1 1 1 1 1 1 1 1 1 1 1 1 1 1 1 1 1 1 1 1 1 1 1 1 1 1 1 1 1 1 1 1 1
Case #884: -1
Case #885: -1
Case #886: 6 9 8 6 6 6 6
Case #887: 7 12 7 7 5 4 3 3
Case #888: 7 19 7 7 5 1 1 1
Case #889: 8 12 5 5 4 4 4 4 3
Case #890: 5 18 7 7 5 4
Case #891: -1
Case #892: 7 9 6 6 6 6 5 3
Case #893: 7 9 8 6 6 4 4 4
Case #894: 10 8 4 4 4 4 4 4 4 4 1
Case #895: 7 9 7 7 6 6 3 3
Case #896: 4 21 10 5 5
Case #897: 6 16 5 5 5 5 5
Case #898: 8 10 6 6 4 4 4 4 3
Case #899: 6 23 10 3 3 1 1
Case #900: -1
Case #901: 3 32 7 2
Case #902: 23 19 1 1 1 1 1 1 1 1 1 1 1 1 1 1 1 1 1 1 1 1 1 1
Case #903: 7 10 7 7 6 4 4 3
Case #904: -1
Case #905: 6 19 16 3 1 1 1
Case #906: 21 13 9 1 1 1 1 1 1 1 1 1 1 1 1 1 1 1 1 1 1 1
Case #907: 4 14 14 11 2
Case #908: 10 10 5 5 3 3 3 3 3 3 3
Case #909: 9 6 6 6 5 5 4 3 3 3
Case #910: 3 30 10 1
Case #911: 9 9 5 5 4 4 4 4 3 3
Case #912: 6 13 10 6 4 4 4
Case #913: -1
Case #914: 9 10 5 4 4 4 4 4 3 3
Case #915: 5 14 8 8 6 5
Case #916: -1
Case #917: 22 20 1 1 1 1 1 1 1 1 1 1 1 1 1 1 1 1 1 1 1 1 1
Case #918: 5 22 9 6 3 1
Case #919: 5 19 8 7 4 3
Case #920: 5 18 9 9 3 2
Case #921: 4 15 15 6 5
Case #922: 7 8 8 6 6 5 4 4
Case #923: 6 15 6 6 6 5 3
Case #924: 4 21 10 7 3
Case #925: -1
Case #926: 5 21 8 4 4 4
Case #927: -1
Case #928: 15 25 3 1 1 1 1 1 1 1 1 1 1 1 1 1
Case #929: 4 21 12 5 3
Case #930: 5 16 10 6 5 4
Case #931: -1
Case #932: 6 17 10 5 3 3 3
Case #933: 8 9 7 7 4 4 4 4 2
Case #934: 6 20 8 4 4 4 1
Case #935: 6 36 1 1 1 1 1
Case #936: -1
Case #937: -1
Case #938: 4 32 7 1 1
Case #939: 3 24 9 8
Case #940: 4 17 16 6 2
Case #941: 6 10 9 6 6 5 5
Case #942: 5 15 9 7 6 4
Case #943: 4 18 10 10 3
Case #944: 5 16 9 6 5 5
Case #945: 19 20 4 1 1 1 1 1 1 1 1 1 1 1 1 1 1 1 1 1
Case #946: 6 11 7 6 6 6 5
Case #947: 6 12 11 7 5 3 3
Case #948: 7 9 6 6 6 5 5 4
Case #949: -1
Case #950: -1
Case #951: 14 28 1 1 1 1 1 1 1 1 1 1 1 1 1
Case #952: 8 15 5 5 5 3 3 3 2
Case #953: 7 12 7 7 4 4 4 3
Case #954: -1
Case #955: -1
Case #956: -1
Case #957: -1
Case #958: 6 11 11 8 7 3 1
Case #959: 4 32 3 3 3
Case #960: 5 13 9 7 6 6
Case #961: 13 21 7 3 1 1 1 1 1 1 1 1 1 1
Case #962: 5 18 9 8 3 3
Case #963: 4 19 12 7 3
Case #964: 4 25 8 5 3
Case #965: 5 14 9 6 6 6
