960
20592
129024
11
74880
110
35503
32256
42755209
226151256
81
240000
38016
42000
138240
28080
16524
39600
1600
19008
14112
13122
102060
983900459
74088
91857
116640
92317161
14040
230400
69
7025
8100
34848
37800
85881
361
8748
233280
34020
38400
967669583
3696
4752
128000
15750
4374
15840
52488
16000
7938
4704
93312
1632
1249
67
147456
1836
105840
142884
12288
6600
660
44800
1615
25200
476014
9180
47473
66150
42336
10
18432
44928
48238
33696
13440
57600
5824
207360
88
59136
1056
5601
1960
201600
244944
393660
567
136080
86400
373248
217728
2352
1000000000
24
12544
4173641
85536
998506315
17920
36
122
2160
108
552960
362880
5040
106
58800
22950
768
30240
32400
22
81920
5616
5767201
26880
28512
4733
58
52416
76800
900
21384
115
18480
23400
5184
28000
5280
97200
2016
75
1323
281250
15876
4896
524288
1048576
42120
964532929
30030
625433749
546750
324000
519
122880
21952
28800
17424
184320
23760
116
18000
3375
20328
105000
108000
34560
480000
204120
4158
76032
94
96000
75264
16128
288000
8640
60
300000
162000
186624
30
8772
5000
53760
23
3120
32
646
302400
35100
113
8424
364500
85
49920
107
270000
19440
129600
6480
181440
29700
84240
121
69120
957262828
11232
103
2618049
8347
115248
82268566
16464
2880
2707
7455307
126720
3240
17
49896
193
1920
8208
7560
474
7389
6930
95
41600
6
504
459270
782
32000
34944
4000
194400
78
192000
2906162
396
13056
4480
60000
307200
22848
27456
12960
441
98415
16200
70560
5073
32076
131980
95256
3000
44550
262440
90
16800
8087519
36283838
61740
122877509
89
112000
15680
12870
3360
805306368
23100
22464
12000
7920
24192
2268
28672
104
4800
22176
912
1904
281
40950
2250
61966
9504
256000
375000
10500
99840
67500
349920
34111
17550
3
109
323
3960
7296
43200
986129769
14336
63180
139968
74
5940
589824
9409159
79548
24300
57344
84579
64512
172032
665
155520
4200
84
949106497
168000
170
8316
77
79
630
145800
57
50544
8550
3312
180
583200
111
71
954158175
517759
501
88704
168960
1
99
31104
787320
2340
35280
19800
248832
5520
7897861
125440
13824
460800
153600
672
1530
482421315
55296
72
1848
3564
405000
346742385
813
47040
589833267
282791
448
25
241920
268800
92400
322560
981028563
98304
78750
163296
864
368640
30973
6750
83160
29250
16380
75600
73728
10710
47628
55
161280
18
10000
420
131220
68040
3157819
9240
120000
79200
63360
8320
5376
44
12800
2720
11664
91
2736
15552
49500
48000
33
59
414720
3900
39936
7
22500
9827
391
33600
66528
118800
150528
5600
118
48510
13
12096
8660
51
194241
2400
101
226800
86
80
2376
4680
62
60480
900360029
80949857
29160
131
64
35640
56448
135000
6840
14400
32670
134400
259200
34
118272
622080
8015864
9100
5200
69888
1260
938017885
132000
697106497
2592
10560
4608
94080
25600
6804
641
83
20160
65
4320
786432
989447237
19656
1741
29120
15400
84000
673921
5044
97
57024
64680
77760
51840
182250
2097152
13680
10368
16
6720
120
994617
6075
9450
100696425
5657
50400
576
40824
27720
18816
696
3456
59400
5808
64152
54432
15288
7392
170100
56700
4160
5
360000
969
42105
23328
934
14560
9425
7785
24480
5297
236250
24750
29952
468
42
9216
9900
2070
9489
132300
46
21
93
524880
1800
119
20000
5625
1440
52
141120
5721
24000
112
45000
279936
92160
179200
10080
104976
180000
926315427
85712697
2520
3509575
8064
216
633
54
89100
19200
466560
655360
3528
1584
85050
123480
2
614400
21840
3864
41472
65536
38880
1512
68
21600
176400
1890
82944
43740
510205
216000
221184
81648
40320
105600
48384
816
49
1817
810
245760
12348
29
196608
4032
7290
15
51030
34300
291600
48
432000
198450
48600
491520
336000
18720
5400
2025
52800
24576
135
90720
33401221
50
1134
8624
9600
157464
792
70400
54880
11085765
22680
8960
38497
252000
124416
987
123
110250
3072
2600
164640
1824
70200
42768
301056
37440
14700
1520
46464
76
300
16224
257
21870
63504
37
73
473
127008
163840
25002
17820
408240
13230
13860
11340
11016
50688
2000
94500
31500
746803744
10260
362
457481
700
189
56160
640
71805
58320
49280
4560
32640
4914
72900
27000
193536
36960
999999999
33108
31680
26460
105
725573
6399199
442368
6552
21000
18240
46080
3584
559
4
10752
29400
89600
12150
118263990
56
67200
9000
151200
81000
430080
87480
1100
23115571
587234
2156
17280
33792
922505446
998244353
86016
17136
54600
388800
57624
2200
3600
174960
169344
133650
145152
7390
20736
64800
4050
61440
53940
32768
3024
78000
5346
96768
43680
2730
4788
38
32805
5016
8976
14
904152917
12768
214573
1500
999999998
961175759
2310
107520
209952
12672
11264
98
3888
6400
405
45
63
70000
71280
395
10800
112896
235200
322081025
9408
64922375
288
13500
4488
9
69984
49000
2640
4620
27184698
621008
202500
65610
24696
5760
94770
4410
1728
31
1215
41580
4943
4312
72576
1701
688978813
49392
10240
192
1000000
23232
96
43
276480
29484
653477439
62208
12240
87
80640
1008
1671
7128
125
3264
1944
142560
40960
160
40
52920
127
200000
31200
1680
103680
331776
4725
15120
306180
294912
3168
7200
67893369
54000
7776
21504
108864
2688
409342369
1386
8250
1620
45360
2304
2430
16320
6541551
2100
3780
35
916855204
17640
8400
393216
546
432255
3510
472392
340200
110592
215040
3371
25920
82
2431
36864
4539685
1764
67584
23040
21383
20480
699840
6300
31752
129
7056
21168
165888
96228
6037
5250
50000
9800
27216
4655
31590
95040
58054077
72000
47958485
99000
28
8000
5304
124
53
1001
8372259
126
243000
14688
20
100800
115200
47
26
4675
314928
6765
2940
102
150000
311040
540
8448
2403381
7040
225792
2560
84480
7500
4536
1001604
70
25490988
114688
7680
536870912
11000
128
8
3645
117
224
66
49152
101250
345600
8826131
30720
144000
70235461
486000
92
999999937
63000
5120
211680
33750
518400
