Case #1: 5 13 11 9 4 4
Case #2: 7 12 7 6 4 4 4 4
Case #3: 31 11 1 1 1 1 1 1 1 1 1 1 1 1 1 1 1 1 1 1 1 1 1 1 1 1 1 1 1 1 1 1
Case #4: 7 13 10 4 4 4 3 3
Case #5: 16 22 5 1 1 1 1 1 1 1 1 1 1 1 1 1 1
Case #6: -1
Case #7: 5 12 8 8 7 6
Case #8: -1
Case #9: -1
Case #10: 13 27 3 1 1 1 1 1 1 1 1 1 1 1
Case #11: 8 10 6 5 5 5 4 4 2
Case #12: 6 12 11 8 4 3 3
Case #13: 6 16 7 5 5 5 3
Case #14: 7 12 6 6 5 4 4 4
Case #15: 5 13 10 6 6 6
Case #16: 5 17 9 6 6 3
Case #17: 6 12 11 6 5 5 2
Case #18: 3 25 8 8
Case #19: 6 16 11 6 3 3 2
Case #20: 5 16 9 7 7 2
Case #21: 8 18 9 3 3 3 3 1 1
Case #22: 7 10 9 7 6 3 3 3
Case #23: -1
Case #24: 6 9 8 7 7 7 3
Case #25: -1
Case #26: 7 12 6 6 6 5 3 3
Case #27: -1
Case #28: 5 15 13 6 4 3
Case #29: 8 12 5 5 4 4 4 4 3
Case #30: 17 23 3 1 1 1 1 1 1 1 1 1 1 1 1 1 1 1
Case #31: -1
Case #32: 4 15 12 9 5
Case #33: 6 11 11 9 4 4 2
Case #34: 6 15 8 7 5 3 3
Case #35: -1
Case #36: 5 19 19 1 1 1
Case #37: 5 18 9 9 3 2
Case #38: 7 6 6 6 6 6 6 5
Case #39: 5 10 9 9 7 6
Case #40: 6 16 8 5 5 4 3
Case #41: -1
Case #42: 5 22 8 7 3 1
Case #43: 4 22 9 6 4
Case #44: 7 10 10 5 4 4 4 4
Case #45: 6 21 5 5 5 3 2
Case #46: 6 27 3 3 3 3 2
Case #47: 5 16 11 6 5 3
Case #48: 6 9 9 9 8 3 3
Case #49: 6 16 10 5 5 4 1
Case #50: 4 18 9 7 7
Case #51: 5 21 8 7 4 1
Case #52: 6 9 8 6 6 6 6
Case #53: 5 17 16 6 1 1
Case #54: -1
Case #55: -1
Case #56: 7 9 8 8 4 4 4 4
Case #57: 3 18 17 6
Case #58: 7 12 7 7 5 4 3 3
Case #59: 7 9 7 7 6 6 3 3
Case #60: 6 16 12 4 4 4 1
Case #61: 5 20 11 5 3 2
Case #62: 5 22 15 2 1 1
Case #63: 6 16 7 5 5 4 4
Case #64: 3 19 17 5
Case #65: 5 15 8 7 6 5
Case #66: -1
Case #67: 5 17 10 9 3 2
Case #68: -1
Case #69: 6 10 9 7 7 5 3
Case #70: 6 14 9 7 4 4 3
Case #71: 32 10 1 1 1 1 1 1 1 1 1 1 1 1 1 1 1 1 1 1 1 1 1 1 1 1 1 1 1 1 1 1 1
Case #72: 5 16 9 8 4 4
Case #73: 6 13 9 8 4 4 3
Case #74: -1
Case #75: 6 13 12 6 4 3 3
Case #76: 5 20 7 6 4 4
Case #77: 6 12 10 6 5 4 4
Case #78: 5 16 13 7 4 1
Case #79: 7 8 6 6 6 6 5 4
Case #80: 17 22 4 1 1 1 1 1 1 1 1 1 1 1 1 1 1 1
Case #81: 6 11 8 8 7 4 3
Case #82: 3 22 16 3
Case #83: -1
Case #84: 3 20 14 7
Case #85: 7 8 7 6 6 5 5 4
Case #86: 8 9 7 6 6 4 3 3 3
Case #87: 9 9 6 6 5 3 3 3 3 3
Case #88: 7 27 7 3 1 1 1 1
Case #89: 7 10 7 6 6 6 3 3
Case #90: 6 10 8 6 6 6 5
Case #91: 8 6 6 6 6 6 4 4 3
Case #92: 7 7 6 6 6 6 6 4
Case #93: 4 21 14 4 2
Case #94: -1
Case #95: 18 24 1 1 1 1 1 1 1 1 1 1 1 1 1 1 1 1 1
Case #96: 6 16 8 7 7 2 1
Case #97: -1
Case #98: 6 11 6 6 6 6 6
Case #99: -1
Case #100: 5 16 10 7 4 4
Case #101: 6 36 1 1 1 1 1
Case #102: -1
Case #103: 3 20 12 9
Case #104: 4 36 3 1 1
Case #105: 9 9 5 4 4 4 4 4 4 3
Case #106: 8 7 6 6 6 5 4 4 3
Case #107: 4 21 10 6 4
Case #108: -1
Case #109: 6 14 7 6 5 5 4
Case #110: 6 17 10 5 3 3 3
Case #111: 4 32 4 3 2
Case #112: 5 12 10 7 6 6
Case #113: 5 10 10 9 6 6
Case #114: 20 22 1 1 1 1 1 1 1 1 1 1 1 1 1 1 1 1 1 1 1
Case #115: 6 8 8 8 8 5 4
Case #116: 4 18 13 6 4
Case #117: -1
Case #118: 5 14 8 8 6 5
Case #119: 5 12 11 6 6 6
Case #120: -1
Case #121: 12 29 2 1 1 1 1 1 1 1 1 1 1
Case #122: 6 13 9 7 4 4 4
Case #123: 6 10 8 8 6 5 4
Case #124: 3 30 6 5
Case #125: 5 12 11 9 6 3
Case #126: 15 23 5 1 1 1 1 1 1 1 1 1 1 1 1 1
Case #127: 5 15 11 7 4 4
Case #128: 5 13 12 6 5 5
Case #129: 4 18 12 8 3
Case #130: 5 10 10 10 7 4
Case #131: 4 22 8 6 5
Case #132: 7 12 9 5 5 4 3 3
Case #133: 3 21 12 8
Case #134: 15 25 3 1 1 1 1 1 1 1 1 1 1 1 1 1
Case #135: 3 27 7 7
Case #136: 8 10 5 5 5 5 5 3 3
Case #137: 5 18 7 7 6 3
Case #138: 5 17 16 3 3 2
Case #139: 10 8 4 4 4 4 4 4 4 4 1
Case #140: 11 4 4 4 4 4 4 4 4 4 4 1
Case #141: 6 13 10 6 6 3 3
Case #142: -1
Case #143: 6 13 11 7 5 3 2
Case #144: -1
Case #145: 10 10 5 5 3 3 3 3 3 3 3
Case #146: 8 9 6 5 5 5 4 4 3
Case #147: -1
Case #148: 7 12 8 5 4 4 4 4
Case #149: 5 16 7 7 7 4
Case #150: 5 12 10 8 6 5
Case #151: 5 12 11 11 4 3
Case #152: 7 8 8 6 6 5 4 4
Case #153: 5 12 11 9 5 4
Case #154: 10 29 4 1 1 1 1 1 1 1 1
Case #155: 5 18 8 5 5 5
Case #156: 7 25 5 3 3 3 1 1
Case #157: 6 11 11 8 7 3 1
Case #158: 7 14 5 5 5 5 4 3
Case #159: 7 12 8 5 5 5 3 3
Case #160: 5 10 9 8 8 6
Case #161: 9 8 5 5 5 5 4 4 3 2
Case #162: 8 10 7 6 6 3 3 3 3
Case #163: 4 22 9 7 3
Case #164: 6 11 8 6 6 6 4
Case #165: -1
Case #166: 7 15 5 5 4 4 4 4
Case #167: 6 8 8 8 7 7 3
Case #168: 5 18 8 7 4 4
Case #169: 8 10 6 5 5 4 4 4 3
Case #170: 4 16 10 9 6
Case #171: 11 30 2 1 1 1 1 1 1 1 1 1
Case #172: 8 10 5 5 5 5 4 4 3
Case #173: 7 10 6 6 6 5 5 3
Case #174: 7 9 6 6 6 6 4 4
Case #175: 12 30 1 1 1 1 1 1 1 1 1 1 1
Case #176: -1
Case #177: 5 25 5 5 4 2
Case #178: 6 14 8 6 5 4 4
Case #179: 19 23 1 1 1 1 1 1 1 1 1 1 1 1 1 1 1 1 1 1
Case #180: 4 26 6 5 4
Case #181: 10 32 1 1 1 1 1 1 1 1 1
Case #182: 6 19 17 2 1 1 1
Case #183: 8 9 7 5 5 4 4 4 3
Case #184: 6 13 12 5 5 3 3
Case #185: -1
Case #186: 5 18 13 4 3 3
Case #187: 9 10 6 5 5 3 3 3 3 3
Case #188: 21 17 5 1 1 1 1 1 1 1 1 1 1 1 1 1 1 1 1 1 1 1
Case #189: 6 13 10 6 4 4 4
Case #190: -1
Case #191: 8 10 6 5 5 5 4 3 3
Case #192: 5 18 6 6 6 5
Case #193: 7 12 6 6 5 5 4 3
Case #194: 4 20 9 6 6
Case #195: 7 9 7 6 6 5 4 4
Case #196: 5 11 10 9 6 5
Case #197: 7 13 9 5 4 4 3 3
Case #198: 21 11 11 1 1 1 1 1 1 1 1 1 1 1 1 1 1 1 1 1 1 1
Case #199: 6 12 8 6 6 5 4
Case #200: -1
Case #201: 5 16 13 6 3 3
Case #202: -1
Case #203: -1
Case #204: -1
Case #205: 7 8 7 7 7 7 3 2
Case #206: -1
Case #207: 6 16 7 7 7 3 1
Case #208: 4 24 10 4 3
Case #209: -1
Case #210: -1
Case #211: 7 11 9 5 4 4 4 4
Case #212: 4 24 9 5 3
Case #213: 25 17 1 1 1 1 1 1 1 1 1 1 1 1 1 1 1 1 1 1 1 1 1 1 1 1
Case #214: 6 11 9 8 7 3 3
Case #215: -1
Case #216: 4 20 16 3 2
Case #217: 5 19 12 4 3 3
Case #218: 4 18 10 7 6
Case #219: -1
Case #220: -1
Case #221: 4 18 11 7 5
Case #222: 19 19 5 1 1 1 1 1 1 1 1 1 1 1 1 1 1 1 1 1
Case #223: 6 13 8 8 5 5 2
Case #224: 36 6 1 1 1 1 1 1 1 1 1 1 1 1 1 1 1 1 1 1 1 1 1 1 1 1 1 1 1 1 1 1 1 1 1 1 1
Case #225: 5 28 9 2 1 1
Case #226: 10 10 7 3 3 3 3 3 3 3 3
Case #227: -1
Case #228: 5 10 10 8 8 5
Case #229: 6 13 8 8 7 3 2
Case #230: 6 25 5 4 4 2 1
Case #231: 7 9 6 6 6 5 5 4
Case #232: 2 39 2
Case #233: 7 8 8 6 5 5 5 4
Case #234: -1
Case #235: 3 33 6 2
Case #236: 5 17 12 4 4 4
Case #237: 6 20 8 7 4 1 1
Case #238: 6 12 10 5 5 5 4
Case #239: 8 10 6 5 4 4 4 4 4
Case #240: 6 17 8 7 4 3 2
Case #241: 6 13 11 8 4 3 2
Case #242: 5 20 6 6 6 3
Case #243: 13 21 7 3 1 1 1 1 1 1 1 1 1 1
Case #244: 7 9 9 9 5 3 3 3
Case #245: 5 18 9 5 5 4
Case #246: 6 12 7 7 6 5 4
Case #247: -1
Case #248: 5 11 9 9 6 6
Case #249: -1
Case #250: 6 9 7 7 6 6 6
Case #251: 4 25 8 5 3
Case #252: 6 11 10 9 5 3 3
Case #253: 8 9 6 6 6 5 3 3 3
Case #254: 10 30 3 1 1 1 1 1 1 1 1
Case #255: 5 16 10 7 5 3
Case #256: -1
Case #257: -1
Case #258: 6 12 7 7 7 5 3
Case #259: -1
Case #260: -1
Case #261: 7 14 5 5 5 4 4 4
Case #262: 5 14 14 5 4 4
Case #263: 6 13 11 10 3 3 1
Case #264: 4 21 10 8 2
Case #265: -1
Case #266: 5 14 11 6 5 5
Case #267: 5 13 12 6 6 4
Case #268: 5 20 8 5 5 3
Case #269: 4 16 11 9 5
Case #270: 5 16 7 6 6 6
Case #271: 3 18 14 9
Case #272: 6 16 8 7 4 4 2
Case #273: 13 26 4 1 1 1 1 1 1 1 1 1 1 1
Case #274: 4 20 12 5 4
Case #275: 5 14 11 6 6 4
Case #276: 6 19 16 3 1 1 1
Case #277: 4 17 16 7 1
Case #278: -1
Case #279: 6 13 10 7 5 3 3
Case #280: 4 25 10 3 3
Case #281: -1
Case #282: 4 12 12 11 6
Case #283: 8 8 8 5 5 5 4 4 2
Case #284: 8 8 5 5 5 5 5 5 3
Case #285: 5 15 14 5 5 2
Case #286: 7 13 8 5 4 4 4 3
Case #287: 6 12 9 5 5 5 5
Case #288: 8 6 6 6 6 6 5 3 3
Case #289: -1
Case #290: 6 15 13 5 3 3 2
Case #291: 39 3 1 1 1 1 1 1 1 1 1 1 1 1 1 1 1 1 1 1 1 1 1 1 1 1 1 1 1 1 1 1 1 1 1 1 1 1 1 1
Case #292: -1
Case #293: 7 19 17 1 1 1 1 1
Case #294: 4 22 10 6 3
Case #295: 4 19 8 8 6
Case #296: 6 16 6 6 5 5 3
Case #297: -1
Case #298: 5 16 8 8 7 2
Case #299: 7 13 10 6 3 3 3 3
Case #300: 7 9 9 6 6 4 4 3
Case #301: 4 37 2 1 1
Case #302: 4 15 12 11 3
Case #303: 9 9 4 4 4 4 4 4 4 4
Case #304: -1
Case #305: -1
Case #306: 5 15 9 6 6 5
Case #307: 6 8 8 8 8 7 2
Case #308: -1
Case #309: 6 12 8 7 6 4 4
Case #310: 7 8 8 7 6 4 4 4
Case #311: 13 19 7 5 1 1 1 1 1 1 1 1 1 1
Case #312: 7 10 6 6 6 6 4 3
Case #313: 4 24 7 5 5
Case #314: 12 28 3 1 1 1 1 1 1 1 1 1 1
Case #315: -1
Case #316: 7 10 7 6 5 5 4 4
Case #317: 4 34 5 1 1
Case #318: 5 22 7 6 3 3
Case #319: 25 11 7 1 1 1 1 1 1 1 1 1 1 1 1 1 1 1 1 1 1 1 1 1 1 1
Case #320: -1
Case #321: 4 30 7 3 1
Case #322: 7 9 9 6 5 5 4 3
Case #323: 21 19 3 1 1 1 1 1 1 1 1 1 1 1 1 1 1 1 1 1 1 1
Case #324: 6 13 9 6 6 4 3
Case #325: 6 19 10 5 3 3 1
Case #326: 5 23 9 4 4 1
Case #327: 2 36 5
Case #328: 9 6 6 6 5 5 4 3 3 3
Case #329: 3 37 3 1
Case #330: -1
Case #331: -1
Case #332: -1
Case #333: -1
Case #334: 7 11 9 7 4 4 4 2
Case #335: 8 11 8 5 4 4 4 3 2
Case #336: 41 1 1 1 1 1 1 1 1 1 1 1 1 1 1 1 1 1 1 1 1 1 1 1 1 1 1 1 1 1 1 1 1 1 1 1 1 1 1 1 1 1
Case #337: 7 33 3 1 1 1 1 1
Case #338: 5 12 9 8 6 6
Case #339: 10 6 6 6 5 3 3 3 3 3 3
Case #340: 3 18 13 10
Case #341: 5 10 9 8 7 7
Case #342: 5 15 11 6 5 4
Case #343: 8 9 9 4 4 4 4 4 3
Case #344: 5 23 8 5 3 2
Case #345: -1
Case #346: 7 8 8 7 7 5 4 2
Case #347: 5 18 8 8 4 3
Case #348: 9 10 5 4 4 4 4 4 3 3
Case #349: 7 10 8 6 5 4 4 4
Case #350: 4 24 14 2 1
Case #351: 4 18 17 5 1
Case #352: -1
Case #353: 6 12 9 8 4 4 4
Case #354: 5 36 2 1 1 1
Case #355: 3 22 12 7
Case #356: 5 22 9 6 3 1
Case #357: 8 6 6 6 5 5 5 5 3
Case #358: -1
Case #359: -1
Case #360: 6 15 7 7 4 4 4
Case #361: -1
Case #362: -1
Case #363: 3 32 7 2
Case #364: 17 25 1 1 1 1 1 1 1 1 1 1 1 1 1 1 1 1
Case #365: 8 10 7 6 4 4 4 3 3
Case #366: 8 10 7 5 4 4 4 4 3
Case #367: 7 11 8 7 5 5 3 2
Case #368: 8 9 7 5 4 4 4 4 4
Case #369: -1
Case #370: 7 8 8 8 8 4 3 2
Case #371: 6 10 9 7 5 5 5
Case #372: 7 9 7 6 6 6 4 3
Case #373: 4 32 3 3 3
Case #374: 8 8 6 6 5 4 4 4 4
Case #375: -1
Case #376: 4 15 15 6 5
Case #377: 6 11 7 6 6 6 5
Case #378: 8 13 10 5 5 3 3 1 1
Case #379: 5 14 13 6 5 3
Case #380: 6 12 7 6 6 5 5
Case #381: 6 9 8 8 8 4 4
Case #382: 6 17 10 7 3 3 1
Case #383: 6 12 9 7 7 3 3
Case #384: 27 11 5 1 1 1 1 1 1 1 1 1 1 1 1 1 1 1 1 1 1 1 1 1 1 1 1 1
Case #385: 7 10 7 6 6 4 4 4
Case #386: 24 18 1 1 1 1 1 1 1 1 1 1 1 1 1 1 1 1 1 1 1 1 1 1 1
Case #387: 5 10 10 10 10 1
Case #388: 2 21 20
Case #389: 7 9 9 6 6 5 3 3
Case #390: 6 10 9 7 6 6 3
Case #391: -1
Case #392: 4 15 11 8 7
Case #393: 7 10 10 5 5 4 4 3
Case #394: 6 11 8 6 6 5 5
Case #395: 6 11 10 6 6 4 4
Case #396: 6 16 13 5 4 2 1
Case #397: 4 21 8 8 4
Case #398: 19 22 2 1 1 1 1 1 1 1 1 1 1 1 1 1 1 1 1 1
Case #399: 5 20 8 5 4 4
Case #400: 5 17 16 5 2 1
Case #401: 5 18 9 8 3 3
Case #402: 23 13 7 1 1 1 1 1 1 1 1 1 1 1 1 1 1 1 1 1 1 1 1 1
Case #403: 4 19 16 3 3
Case #404: 5 18 9 6 4 4
Case #405: 6 12 11 5 5 5 3
Case #406: 6 16 6 5 5 5 4
Case #407: 9 33 1 1 1 1 1 1 1 1
Case #408: -1
Case #409: 8 6 6 6 6 5 4 4 4
Case #410: 4 20 13 5 3
Case #411: 6 13 12 4 4 4 4
Case #412: 35 7 1 1 1 1 1 1 1 1 1 1 1 1 1 1 1 1 1 1 1 1 1 1 1 1 1 1 1 1 1 1 1 1 1 1
Case #413: 5 15 10 6 5 5
Case #414: -1
Case #415: 3 23 17 1
Case #416: 5 10 10 8 7 6
Case #417: 6 11 9 7 6 4 4
Case #418: 7 11 9 5 5 4 4 3
Case #419: 7 8 8 7 7 4 4 3
Case #420: 4 20 10 7 4
Case #421: -1
Case #422: 6 11 10 7 7 3 3
Case #423: 29 13 1 1 1 1 1 1 1 1 1 1 1 1 1 1 1 1 1 1 1 1 1 1 1 1 1 1 1 1
Case #424: 5 21 6 6 4 4
Case #425: -1
Case #426: 23 17 3 1 1 1 1 1 1 1 1 1 1 1 1 1 1 1 1 1 1 1 1 1
Case #427: -1
Case #428: 3 16 15 10
Case #429: -1
Case #430: 7 7 6 6 6 6 5 5
Case #431: -1
Case #432: 19 20 4 1 1 1 1 1 1 1 1 1 1 1 1 1 1 1 1 1
Case #433: 3 18 12 11
Case #434: 5 26 5 4 3 3
Case #435: 10 31 2 1 1 1 1 1 1 1 1
Case #436: 6 14 6 6 6 5 4
Case #437: -1
Case #438: -1
Case #439: 5 12 9 9 6 5
Case #440: -1
Case #441: 9 32 2 1 1 1 1 1 1 1
Case #442: 6 11 10 9 6 3 2
Case #443: 6 14 7 6 6 4 4
Case #444: 7 12 6 5 5 5 5 3
Case #445: 4 19 10 6 6
Case #446: 5 20 6 6 5 4
Case #447: 6 11 11 10 3 3 3
Case #448: 7 12 7 5 5 4 4 4
Case #449: 8 10 6 6 5 4 4 3 3
Case #450: 8 34 1 1 1 1 1 1 1
Case #451: 7 11 8 7 4 4 4 3
Case #452: 9 6 6 6 5 4 4 4 3 3
Case #453: -1
Case #454: 5 13 10 10 7 1
Case #455: 6 16 13 5 5 1 1
Case #456: 7 13 8 7 4 4 3 2
Case #457: 4 21 15 4 1
Case #458: -1
Case #459: 7 11 8 5 5 5 4 3
Case #460: -1
Case #461: 4 27 6 4 4
Case #462: 4 12 11 10 8
Case #463: 4 16 16 6 3
Case #464: 6 8 8 7 7 6 5
Case #465: 6 20 5 4 4 4 4
Case #466: 5 21 9 6 3 2
Case #467: -1
Case #468: -1
Case #469: 5 16 9 7 5 4
Case #470: 25 13 5 1 1 1 1 1 1 1 1 1 1 1 1 1 1 1 1 1 1 1 1 1 1 1
Case #471: 4 24 6 6 5
Case #472: 10 8 4 4 4 4 4 4 4 3 2
Case #473: -1
Case #474: 5 13 12 7 6 3
Case #475: -1
Case #476: 5 13 8 8 7 5
Case #477: 6 11 10 10 7 2 1
Case #478: 6 10 8 7 6 5 5
Case #479: -1
Case #480: -1
Case #481: -1
Case #482: 6 11 9 9 4 4 4
Case #483: 6 11 8 7 7 5 3
Case #484: 6 12 6 6 6 6 5
Case #485: 6 15 6 6 6 4 4
Case #486: 8 10 9 5 5 3 3 3 3
Case #487: -1
Case #488: 5 19 9 5 4 4
Case #489: 4 12 12 9 8
Case #490: 26 16 1 1 1 1 1 1 1 1 1 1 1 1 1 1 1 1 1 1 1 1 1 1 1 1 1
Case #491: 4 20 8 7 6
Case #492: 9 30 4 1 1 1 1 1 1 1
Case #493: -1
Case #494: 7 25 3 3 3 3 3 1
Case #495: 4 15 10 9 7
Case #496: -1
Case #497: -1
Case #498: 6 15 7 6 5 4 4
Case #499: 3 32 6 3
Case #500: 6 14 9 6 6 3 3
Case #501: 5 12 11 7 6 5
Case #502: 5 16 8 7 7 3
Case #503: 4 29 8 3 1
Case #504: 4 24 9 4 4
Case #505: 6 11 10 6 6 5 3
Case #506: 4 16 11 11 3
Case #507: 6 11 9 6 6 6 3
Case #508: 6 14 6 6 6 6 3
Case #509: 5 14 13 7 4 3
Case #510: 4 14 12 11 4
Case #511: 7 9 7 6 6 5 5 3
Case #512: 6 12 9 7 5 5 3
Case #513: 4 20 13 4 4
Case #514: 37 5 1 1 1 1 1 1 1 1 1 1 1 1 1 1 1 1 1 1 1 1 1 1 1 1 1 1 1 1 1 1 1 1 1 1 1 1
Case #515: 8 9 5 5 5 5 4 4 4
Case #516: 5 19 17 3 1 1
Case #517: -1
Case #518: 5 12 9 9 8 3
Case #519: -1
Case #520: 6 14 13 5 4 4 1
Case #521: -1
Case #522: -1
Case #523: 6 17 10 4 4 3 3
Case #524: -1
Case #525: 8 10 7 5 5 5 3 3 3
Case #526: 6 15 11 5 5 3 2
Case #527: 5 13 8 8 6 6
Case #528: 7 26 9 2 1 1 1 1
Case #529: 20 21 2 1 1 1 1 1 1 1 1 1 1 1 1 1 1 1 1 1 1
Case #530: 4 16 9 8 8
Case #531: 5 22 6 5 5 3
Case #532: 6 23 10 3 3 1 1
Case #533: -1
Case #534: 7 10 7 7 6 5 3 3
Case #535: 18 23 2 1 1 1 1 1 1 1 1 1 1 1 1 1 1 1 1
Case #536: 21 21 1 1 1 1 1 1 1 1 1 1 1 1 1 1 1 1 1 1 1 1
Case #537: 9 31 3 1 1 1 1 1 1 1
Case #538: 9 6 6 6 6 5 3 3 3 3
Case #539: 3 20 15 6
Case #540: 19 17 7 1 1 1 1 1 1 1 1 1 1 1 1 1 1 1 1 1
Case #541: 5 16 10 5 5 5
Case #542: 5 25 5 5 3 3
Case #543: 3 24 12 5
Case #544: 15 26 2 1 1 1 1 1 1 1 1 1 1 1 1 1
Case #545: 7 10 7 7 6 4 4 3
Case #546: -1
Case #547: 5 15 8 8 5 5
Case #548: 11 28 4 1 1 1 1 1 1 1 1 1
Case #549: 6 15 8 5 5 5 3
Case #550: 8 9 6 6 6 4 4 3 3
Case #551: 6 8 8 8 6 6 5
Case #552: 7 8 8 7 5 5 4 4
Case #553: 4 14 10 9 8
Case #554: 7 9 9 9 4 4 3 3
Case #555: 7 10 6 6 5 5 5 4
Case #556: -1
Case #557: -1
Case #558: 3 15 14 12
Case #559: -1
Case #560: 4 18 8 8 7
Case #561: 3 36 3 2
Case #562: -1
Case #563: 14 27 2 1 1 1 1 1 1 1 1 1 1 1 1
Case #564: 7 11 10 6 5 3 3 3
Case #565: 5 16 10 6 5 4
Case #566: 9 9 6 5 4 4 4 3 3 3
Case #567: 9 8 5 4 4 4 4 4 4 4
Case #568: 4 24 7 7 3
Case #569: 3 24 11 6
Case #570: 6 9 9 7 6 5 5
Case #571: 7 10 7 7 7 4 3 3
Case #572: 40 2 1 1 1 1 1 1 1 1 1 1 1 1 1 1 1 1 1 1 1 1 1 1 1 1 1 1 1 1 1 1 1 1 1 1 1 1 1 1 1
Case #573: 9 8 5 5 4 4 4 4 4 3
Case #574: 5 13 12 7 5 4
Case #575: 4 23 8 7 3
Case #576: 6 16 6 6 6 4 3
Case #577: 7 8 8 8 8 4 4 1
Case #578: 6 15 9 6 4 4 3
Case #579: 4 24 9 7 1
Case #580: 7 34 2 1 1 1 1 1
Case #581: 5 16 9 6 5 5
Case #582: 7 9 7 7 5 5 4 4
Case #583: 4 27 7 5 2
Case #584: 6 9 8 8 6 6 4
Case #585: 6 12 9 9 5 3 3
Case #586: -1
Case #587: 7 8 6 6 6 5 5 5
Case #588: 8 12 6 4 4 4 4 4 3
Case #589: 6 9 9 7 6 6 4
Case #590: 6 16 7 6 5 4 3
Case #591: 7 11 10 5 4 4 4 3
Case #592: 6 14 9 6 4 4 4
Case #593: 8 17 16 3 1 1 1 1 1
Case #594: 29 7 7 1 1 1 1 1 1 1 1 1 1 1 1 1 1 1 1 1 1 1 1 1 1 1 1 1 1 1
Case #595: -1
Case #596: 4 27 10 3 1
Case #597: 8 12 5 4 4 4 4 4 4
Case #598: 5 18 7 7 7 2
Case #599: 13 29 1 1 1 1 1 1 1 1 1 1 1 1
Case #600: 8 8 8 8 4 4 4 3 2
Case #601: 4 24 7 6 4
Case #602: 4 18 9 9 5
Case #603: 27 15 1 1 1 1 1 1 1 1 1 1 1 1 1 1 1 1 1 1 1 1 1 1 1 1 1 1
Case #604: 6 10 9 9 7 3 3
Case #605: 5 10 10 7 7 7
Case #606: 8 9 6 6 5 5 4 3 3
Case #607: 17 24 2 1 1 1 1 1 1 1 1 1 1 1 1 1 1 1
Case #608: 8 6 6 6 5 5 5 4 4
Case #609: 8 10 7 7 5 3 3 3 3
Case #610: 6 15 6 6 6 5 3
Case #611: 9 10 4 4 4 4 4 4 4 3
Case #612: 8 8 7 5 5 5 4 4 3
Case #613: 5 13 12 8 5 3
Case #614: 4 18 10 10 3
Case #615: 5 27 5 5 3 1
Case #616: 6 12 11 5 5 4 4
Case #617: 6 16 8 8 4 3 2
Case #618: 11 27 5 1 1 1 1 1 1 1 1 1
Case #619: 6 10 7 6 6 6 6
Case #620: -1
Case #621: 16 25 2 1 1 1 1 1 1 1 1 1 1 1 1 1 1
Case #622: 4 27 7 6 1
Case #623: 4 16 11 7 7
Case #624: 4 15 10 8 8
Case #625: 8 9 9 8 3 3 3 3 3
Case #626: 6 24 11 3 1 1 1
Case #627: 6 11 8 8 5 5 4
Case #628: 6 14 7 7 5 4 4
Case #629: -1
Case #630: 5 15 9 7 6 4
Case #631: 4 16 10 8 7
Case #632: -1
Case #633: 8 10 7 5 5 4 4 3 3
Case #634: 7 12 6 6 6 4 4 3
Case #635: -1
Case #636: -1
Case #637: 8 10 7 7 5 5 3 3 1
Case #638: 5 24 8 4 4 1
Case #639: 5 26 5 5 4 1
Case #640: 7 8 7 7 7 5 4 3
Case #641: 3 19 16 6
Case #642: 6 13 6 6 6 5 5
Case #643: 6 12 11 6 6 3 3
Case #644: 8 8 7 7 4 4 4 4 3
Case #645: 6 13 12 5 4 4 3
Case #646: 5 15 10 7 7 2
Case #647: 4 19 16 5 1
Case #648: 6 11 11 8 4 4 3
Case #649: 3 38 2 1
Case #650: 3 30 10 1
Case #651: 5 13 13 8 4 3
Case #652: -1
Case #653: 6 18 9 5 3 3 3
Case #654: 6 12 7 7 6 6 3
Case #655: 5 37 1 1 1 1
Case #656: -1
Case #657: -1
Case #658: 7 9 8 7 7 4 3 3
Case #659: 7 8 8 8 5 4 4 4
Case #660: -1
Case #661: 5 15 11 6 6 3
Case #662: 9 9 7 5 4 4 3 3 3 3
Case #663: 6 21 7 5 3 3 2
Case #664: 5 15 11 7 6 2
Case #665: 5 21 6 6 5 3
Case #666: 5 17 12 6 3 3
Case #667: 6 12 11 6 4 4 4
Case #668: 4 25 10 4 2
Case #669: 7 14 6 5 5 5 3 3
Case #670: 5 10 10 9 7 5
Case #671: -1
Case #672: 5 19 10 6 3 3
Case #673: -1
Case #674: -1
Case #675: 3 25 14 2
Case #676: 9 27 7 1 1 1 1 1 1 1
Case #677: 6 13 9 6 5 4 4
Case #678: 3 32 5 4
Case #679: -1
Case #680: 6 12 9 6 6 5 3
Case #681: 6 11 8 8 7 5 2
Case #682: 5 19 12 5 4 1
Case #683: 6 17 8 5 4 4 3
Case #684: 4 18 13 7 3
Case #685: 6 9 9 9 5 5 4
Case #686: 5 12 10 9 5 5
Case #687: 7 8 7 6 6 6 4 4
Case #688: 6 14 11 5 4 4 3
Case #689: -1
Case #690: -1
Case #691: 5 11 10 8 6 6
Case #692: 5 15 7 7 6 6
Case #693: 5 35 3 1 1 1
Case #694: -1
Case #695: -1
Case #696: 9 9 6 4 4 4 4 4 4 2
Case #697: 5 14 13 9 4 1
Case #698: 5 15 10 7 5 4
Case #699: 6 19 8 5 4 3 2
Case #700: 6 16 6 6 5 4 4
Case #701: 4 16 16 7 2
Case #702: -1
Case #703: 38 4 1 1 1 1 1 1 1 1 1 1 1 1 1 1 1 1 1 1 1 1 1 1 1 1 1 1 1 1 1 1 1 1 1 1 1 1 1
Case #704: 5 21 8 4 4 4
Case #705: 5 12 10 7 7 5
Case #706: 6 8 8 8 7 5 5
Case #707: 6 18 9 5 5 3 1
Case #708: -1
Case #709: 13 28 2 1 1 1 1 1 1 1 1 1 1 1
Case #710: 6 12 8 7 5 5 4
Case #711: 4 15 10 10 6
Case #712: 7 10 7 6 6 5 4 3
Case #713: 6 10 9 6 6 5 5
Case #714: 9 8 7 5 4 4 4 4 3 2
Case #715: 6 9 9 6 6 6 5
Case #716: 4 25 11 4 1
Case #717: -1
Case #718: -1
Case #719: 5 14 14 11 1 1
Case #720: 5 18 8 6 5 4
Case #721: 5 11 8 8 8 6
Case #722: -1
Case #723: -1
Case #724: 6 8 8 8 7 6 4
Case #725: 5 17 9 7 4 4
Case #726: 6 13 8 7 5 5 3
Case #727: 8 6 6 6 6 5 5 4 3
Case #728: 8 8 7 7 7 7 3 1 1
Case #729: 3 20 11 10
Case #730: 4 25 6 6 4
Case #731: 7 9 6 6 6 6 5 3
Case #732: 7 9 7 7 6 4 4 4
Case #733: 8 11 10 5 3 3 3 3 3
Case #734: 7 9 9 7 4 4 4 4
Case #735: -1
Case #736: 5 16 9 6 6 4
Case #737: 6 12 9 6 5 5 4
Case #738: 4 18 15 5 3
Case #739: 6 12 8 8 5 4 4
Case #740: -1
Case #741: 6 8 8 8 8 8 1
Case #742: 4 21 12 6 2
Case #743: 7 13 8 5 5 5 3 2
Case #744: 4 18 11 9 3
Case #745: 6 8 8 7 6 6 6
Case #746: 6 13 10 7 4 4 3
Case #747: 4 26 7 5 3
Case #748: 4 19 12 7 3
Case #749: 4 38 1 1 1
Case #750: 5 9 9 9 9 5
Case #751: 4 19 11 8 3
Case #752: 5 17 11 8 3 2
Case #753: 28 14 1 1 1 1 1 1 1 1 1 1 1 1 1 1 1 1 1 1 1 1 1 1 1 1 1 1 1
Case #754: -1
Case #755: 5 19 8 7 4 3
Case #756: -1
Case #757: 3 25 10 6
Case #758: -1
Case #759: -1
Case #760: 4 15 14 11 1
Case #761: 7 14 6 5 4 4 4 4
Case #762: 8 9 9 6 4 4 3 3 3
Case #763: 5 18 11 4 4 4
Case #764: 5 16 11 8 4 2
Case #765: 22 14 7 1 1 1 1 1 1 1 1 1 1 1 1 1 1 1 1 1 1 1 1
Case #766: 4 18 12 9 2
Case #767: 4 20 8 8 5
Case #768: 9 27 5 3 1 1 1 1 1 1
Case #769: 25 15 3 1 1 1 1 1 1 1 1 1 1 1 1 1 1 1 1 1 1 1 1 1 1 1
Case #770: 19 21 3 1 1 1 1 1 1 1 1 1 1 1 1 1 1 1 1 1
Case #771: 6 10 10 7 5 5 4
Case #772: 6 11 9 6 6 5 4
Case #773: -1
Case #774: 4 12 10 10 9
Case #775: 7 12 7 7 4 4 4 3
Case #776: 8 8 7 7 5 5 4 3 2
Case #777: -1
Case #778: 4 14 12 8 7
Case #779: -1
Case #780: 2 32 9
Case #781: 5 18 10 5 5 3
Case #782: 6 17 11 8 3 1 1
Case #783: 33 9 1 1 1 1 1 1 1 1 1 1 1 1 1 1 1 1 1 1 1 1 1 1 1 1 1 1 1 1 1 1 1 1
Case #784: 6 9 9 9 6 4 4
Case #785: 6 10 10 7 7 5 2
Case #786: 4 22 12 5 2
Case #787: 4 21 11 5 4
Case #788: -1
Case #789: -1
Case #790: 7 9 6 6 5 5 5 5
Case #791: 6 9 9 9 6 5 3
Case #792: 5 14 9 7 7 4
Case #793: 4 20 9 8 4
Case #794: 8 13 10 3 3 3 3 3 3
Case #795: 4 21 10 7 3
Case #796: 3 24 9 8
Case #797: 11 31 1 1 1 1 1 1 1 1 1 1
Case #798: 3 27 9 5
Case #799: 6 12 11 7 5 3 3
Case #800: -1
Case #801: 4 14 14 11 2
Case #802: 6 12 7 6 6 6 4
Case #803: 5 27 7 3 3 1
Case #804: -1
Case #805: 6 14 7 7 6 4 3
Case #806: 6 20 8 4 4 4 1
Case #807: 5 32 6 1 1 1
Case #808: -1
Case #809: 5 11 11 8 8 3
Case #810: 8 32 3 1 1 1 1 1 1
Case #811: -1
Case #812: 8 10 6 6 4 4 4 4 3
Case #813: 5 13 9 7 6 6
Case #814: -1
Case #815: 6 12 9 6 6 4 4
Case #816: 5 17 12 5 4 3
Case #817: 11 29 3 1 1 1 1 1 1 1 1 1
Case #818: 6 10 8 7 6 6 4
Case #819: 3 28 9 4
Case #820: -1
Case #821: 4 18 11 6 6
Case #822: 13 25 5 1 1 1 1 1 1 1 1 1 1 1
Case #823: 4 17 16 6 2
Case #824: 4 27 8 3 3
Case #825: 7 11 6 6 6 5 4 3
Case #826: 6 16 8 5 4 4 4
Case #827: 6 32 5 1 1 1 1
Case #828: 2 40 1
Case #829: 6 14 7 6 6 5 3
Case #830: -1
Case #831: 7 8 8 5 5 5 5 5
Case #832: 6 13 12 5 5 4 2
Case #833: 3 24 10 7
Case #834: 7 12 9 5 4 4 4 3
Case #835: 8 9 6 6 4 4 4 4 4
Case #836: 5 25 7 3 3 3
Case #837: 5 18 8 7 5 3
Case #838: 9 10 7 6 3 3 3 3 3 3
Case #839: 8 9 8 4 4 4 4 4 4
Case #840: 4 22 12 4 3
Case #841: 4 18 10 8 5
Case #842: -1
Case #843: 6 15 6 6 5 5 4
Case #844: 4 18 9 8 6
Case #845: 5 16 8 7 6 4
Case #846: 7 12 7 6 6 4 3 3
Case #847: 4 24 8 7 2
Case #848: -1
Case #849: 6 22 9 7 1 1 1
Case #850: 4 15 11 10 5
Case #851: 3 18 18 5
Case #852: 6 15 7 6 6 4 3
Case #853: 3 16 16 9
Case #854: 4 27 6 5 3
Case #855: 5 17 10 6 4 4
Case #856: -1
Case #857: 3 21 10 10
Case #858: 4 21 12 5 3
Case #859: 7 35 1 1 1 1 1 1
Case #860: -1
Case #861: 5 18 7 7 5 4
Case #862: 4 14 12 10 5
Case #863: 9 8 8 4 4 4 4 4 3 2
Case #864: 8 26 7 3 1 1 1 1 1
Case #865: -1
Case #866: 6 26 5 3 3 3 1
Case #867: 10 9 8 3 3 3 3 3 3 3 3
Case #868: 8 7 6 6 6 5 5 3 3
Case #869: 7 12 9 4 4 4 4 4
Case #870: 8 10 7 6 4 4 4 4 2
Case #871: -1
Case #872: 5 15 8 6 6 6
Case #873: -1
Case #874: 3 17 13 11
Case #875: 5 9 8 8 8 8
Case #876: -1
Case #877: 3 21 14 6
Case #878: 6 11 8 8 6 4 4
Case #879: 5 16 8 6 6 5
Case #880: -1
Case #881: 5 16 8 8 5 4
Case #882: 10 9 5 4 4 4 3 3 3 3 3
Case #883: 4 20 9 7 5
Case #884: 5 12 9 7 7 6
Case #885: -1
Case #886: 4 14 14 9 4
Case #887: 5 14 9 8 7 3
Case #888: 7 9 8 6 6 4 4 4
Case #889: 7 11 9 6 6 3 3 3
Case #890: -1
Case #891: 4 21 10 5 5
Case #892: 6 16 5 5 5 5 5
Case #893: 4 14 10 10 7
Case #894: 5 14 9 6 6 6
Case #895: 7 19 7 7 5 1 1 1
Case #896: 6 13 10 9 3 3 3
Case #897: 7 11 10 6 4 4 3 3
Case #898: -1
Case #899: 6 12 8 6 5 5 5
Case #900: -1
Case #901: 7 11 10 5 5 4 3 3
Case #902: 14 28 1 1 1 1 1 1 1 1 1 1 1 1 1
Case #903: 4 16 10 10 5
Case #904: 4 17 13 8 3
Case #905: 8 31 4 1 1 1 1 1 1
Case #906: -1
Case #907: 13 13 11 7 1 1 1 1 1 1 1 1 1 1
Case #908: -1
Case #909: 16 21 6 1 1 1 1 1 1 1 1 1 1 1 1 1 1
Case #910: 8 10 6 6 5 5 3 3 3
Case #911: 5 17 9 8 4 3
Case #912: 22 20 1 1 1 1 1 1 1 1 1 1 1 1 1 1 1 1 1 1 1 1 1
Case #913: 7 14 6 5 5 4 4 3
Case #914: 7 12 8 5 5 4 4 3
Case #915: -1
Case #916: 16 26 1 1 1 1 1 1 1 1 1 1 1 1 1 1 1
Case #917: 7 17 11 5 5 1 1 1
Case #918: 9 9 9 4 4 3 3 3 3 3
Case #919: -1
Case #920: 5 21 10 7 2 1
Case #921: 6 34 3 1 1 1 1
Case #922: 7 12 5 5 5 5 5 4
Case #923: 8 9 6 6 5 4 4 4 3
Case #924: 3 30 9 2
Case #925: 4 16 11 8 6
Case #926: -1
Case #927: 4 16 11 10 4
Case #928: 8 9 7 7 4 4 4 4 2
Case #929: 6 16 16 5 2 1 1
Case #930: 7 11 10 6 4 4 4 2
Case #931: 5 15 10 10 5 1
Case #932: 4 21 9 8 3
Case #933: -1
Case #934: 6 35 2 1 1 1 1
Case #935: -1
Case #936: 7 8 8 8 7 4 4 2
Case #937: 4 16 12 8 5
Case #938: -1
Case #939: 4 11 10 10 10
Case #940: 7 32 4 1 1 1 1 1
Case #941: 34 8 1 1 1 1 1 1 1 1 1 1 1 1 1 1 1 1 1 1 1 1 1 1 1 1 1 1 1 1 1 1 1 1 1
Case #942: 5 27 5 3 3 3
Case #943: 21 13 9 1 1 1 1 1 1 1 1 1 1 1 1 1 1 1 1 1 1 1
Case #944: 4 32 7 1 1
Case #945: 8 33 2 1 1 1 1 1 1
Case #946: 7 16 8 4 4 4 3 2
Case #947: 8 15 5 5 5 3 3 3 2
Case #948: 8 9 6 5 5 4 4 4 4
Case #949: -1
Case #950: 5 12 8 8 8 5
Case #951: 7 12 6 5 5 5 4 4
Case #952: -1
Case #953: 9 9 5 5 5 4 4 3 3 3
Case #954: 16 23 4 1 1 1 1 1 1 1 1 1 1 1 1 1 1
Case #955: -1
Case #956: 6 14 6 6 5 5 5
Case #957: 4 16 16 5 4
Case #958: 7 7 7 6 6 6 5 4
Case #959: 6 18 5 5 5 5 3
Case #960: 9 9 5 5 4 4 4 4 3 3
