500
4 4 2
1 4
4 4
2 2
285 188 2
37 170
182 88
284 169
58 31 2
28 30
48 20
6 24
100 197 2
9 189
63 138
11 143
3 3 1
1 1
2 2
104 3 2
47 1
64 2
79 1
223 130 2
95 101
196 15
9 117
129 253 2
65 118
106 220
24 26
254 19 2
49 19
145 12
93 2
217 9 2
213 5
194 9
114 4
149 7 2
41 2
121 7
117 1
136 3 2
125 1
21 3
52 2
3 37 2
3 29
3 35
3 4
142 5 2
126 5
29 1
49 2
228 3 2
65 2
112 2
207 3
4 4 2
4 2
2 1
1 2
23 3 2
3 2
8 3
21 2
3 3 2
3 2
1 2
2 3
226 3 2
23 1
182 1
6 2
3 187 2
2 63
1 22
2 78
8 8 2
8 1
8 8
1 1
3 4 2
2 4
1 2
3 3
3 267 2
2 189
3 88
3 150
4 4 2
3 1
2 4
4 2
158 38 2
139 32
2 9
72 27
3 93 2
2 9
1 51
2 53
4 3 2
1 2
4 2
1 3
281 3 2
104 3
271 3
40 3
88 83 2
66 62
69 43
25 57
122 234 2
118 21
107 39
17 21
164 264 2
14 259
133 146
158 156
298 35 2
61 20
83 34
66 34
138 220 2
74 97
137 165
125 84
4 4 2
1 1
1 2
2 3
293 132 2
260 47
284 23
194 17
4 4 2
1 3
3 2
2 4
4 3 2
3 2
3 3
1 1
3 3 2
1 1
3 3
2 2
111 3 2
6 1
2 1
33 2
214 283 2
164 172
64 221
191 274
4 4 2
3 3
2 4
1 4
50 3 2
18 1
4 3
15 3
3 3 2
1 1
3 3
1 3
3 3 2
2 1
1 1
1 3
4 3 2
4 2
1 1
3 1
3 90 2
2 32
3 52
3 31
3 39 2
2 13
2 24
1 13
4 3 2
4 2
1 1
2 1
3 4 2
1 1
3 3
2 1
3 4 2
3 1
2 1
1 3
3 3 2
3 1
2 3
1 2
72 57 2
22 37
3 36
8 13
4 3 2
4 1
3 2
4 3
3 292 2
2 41
3 147
1 95
228 74 2
165 60
155 6
100 47
134 195 2
95 91
74 21
55 111
203 124 2
98 27
15 100
149 77
122 135 2
22 85
93 85
120 108
13 117 2
8 84
9 65
7 47
4 4 2
4 2
1 4
4 3
3 274 2
3 150
2 241
3 253
4 4 2
2 1
4 1
2 2
196 284 2
166 92
88 177
39 240
3 3 2
3 1
2 3
3 3
32 233 2
20 29
4 47
23 28
3 4 2
3 2
1 2
2 2
20 3 2
4 1
17 2
8 2
3 3 2
1 3
3 2
1 2
4 3 2
4 1
3 3
2 3
32 3 2
3 3
8 2
9 1
3 3 2
1 3
3 2
2 1
4 4 2
1 2
4 4
3 1
3 295 2
2 275
3 128
2 162
3 3 2
3 1
2 3
1 1
64 245 2
5 28
17 9
22 240
3 3 2
2 2
1 3
1 1
4 4 2
2 3
3 4
4 2
175 77 2
135 11
172 24
133 61
180 3 2
75 3
1 3
112 2
226 209 2
148 7
177 8
222 185
3 3 2
3 2
2 2
2 1
3 3 2
2 3
1 1
2 1
199 288 2
190 109
125 55
178 116
3 3 2
3 2
1 1
3 3
241 3 2
6 2
229 3
155 3
3 3 2
1 3
2 2
1 1
3 3 2
2 1
2 2
3 1
3 3 2
2 1
3 3
1 1
3 3 2
3 3
3 2
1 1
190 179 2
102 8
155 109
12 120
3 132 2
3 96
3 13
3 87
101 3 2
33 3
15 3
23 1
241 3 2
24 1
88 3
194 2
276 3 2
161 3
177 2
89 2
57 235 2
36 169
31 54
29 77
174 131 2
26 86
61 8
159 129
254 32 2
29 17
40 5
204 24
3 3 2
1 3
3 2
1 1
68 112 2
57 26
29 89
4 100
33 3 2
10 2
10 1
9 3
3 4 2
1 4
1 3
3 4
4 3 2
3 1
3 3
4 1
41 3 2
24 1
36 1
21 1
188 227 2
88 218
74 176
70 79
239 96 2
163 43
97 71
186 81
240 172 2
106 53
234 172
220 166
4 3 2
4 2
1 1
3 2
108 108 2
5 61
92 63
25 68
3 3 2
3 1
3 2
2 3
6 178 2
3 42
2 18
2 26
250 169 2
74 30
35 60
115 56
257 294 2
117 290
188 102
74 103
265 265 2
241 106
140 48
46 1
4 4 2
4 2
4 4
2 4
3 3 2
3 2
3 1
2 1
111 31 2
65 15
35 4
107 5
166 168 2
32 44
25 139
27 129
3 120 2
3 114
2 58
3 26
256 16 2
24 14
88 12
19 12
148 299 2
46 183
80 3
55 58
4 4 2
3 3
2 4
2 2
3 4 2
3 1
1 3
2 1
31 224 2
27 151
13 176
31 74
3 3 2
3 2
1 1
2 2
257 193 2
70 126
143 140
136 51
3 97 2
1 67
3 9
2 27
4 4 2
1 3
1 1
2 1
252 169 2
248 79
134 133
158 63
3 3 2
2 2
1 3
1 1
3 107 2
2 3
2 98
2 36
3 3 2
2 3
1 3
3 2
126 3 2
47 1
42 3
62 3
231 3 2
50 3
212 2
116 3
280 58 2
41 14
270 57
220 10
4 3 2
4 3
2 3
1 2
4 3 2
2 2
2 3
3 2
4 4 2
1 4
1 2
3 4
3 3 2
3 3
2 2
2 3
268 3 2
251 2
170 2
158 3
3 4 2
3 1
3 4
2 2
74 295 2
62 30
51 29
25 91
97 274 2
70 76
62 269
85 57
146 180 2
83 117
53 121
107 141
198 3 2
55 1
177 2
71 1
227 3 2
138 3
72 2
86 3
3 120 2
1 3
2 12
1 34
90 125 2
31 64
79 107
63 117
3 4 2
1 4
3 4
3 1
3 193 2
1 69
1 37
3 181
180 160 2
76 144
177 64
151 55
4 3 2
2 3
2 1
2 2
114 3 2
14 2
40 3
37 1
3 3 2
1 3
2 3
3 2
236 147 2
155 41
67 110
7 137
263 156 2
161 65
135 70
68 92
4 3 2
1 2
3 2
1 1
215 270 1
25 154
16 124
3 3 2
3 1
3 3
1 2
156 129 1
130 26
151 5
4 4 2
3 4
1 3
3 2
4 3 2
4 3
1 3
3 3
3 276 2
2 102
2 208
2 128
3 3 2
3 2
1 2
2 1
299 3 2
9 2
217 2
138 2
3 276 2
2 25
3 99
3 19
3 33 2
3 7
1 18
2 29
298 3 2
101 2
276 1
259 1
3 3 2
3 2
2 3
2 2
3 3 2
1 3
2 2
1 1
249 4 2
185 1
158 1
162 3
180 3 2
42 3
180 2
88 2
3 3 2
3 2
3 3
1 3
209 244 2
187 202
38 243
193 43
120 76 2
19 43
88 14
89 39
160 77 2
156 58
106 65
56 49
4 4 2
4 4
1 1
3 3
84 219 2
42 214
22 155
50 131
3 3 2
1 1
3 3
1 3
290 279 2
170 194
45 3
137 190
3 3 2
2 3
2 2
1 2
3 23 2
2 20
2 21
1 2
296 63 2
5 30
78 47
40 32
121 273 1
34 108
47 50
267 141 2
37 110
151 96
107 43
199 299 2
36 203
10 26
93 85
104 271 2
20 198
73 242
41 62
4 4 2
1 2
4 3
2 2
3 10 2
2 10
1 9
3 9
267 136 2
100 69
55 84
242 32
3 3 2
2 2
2 3
1 2
249 262 2
173 108
144 110
53 92
3 102 2
2 75
3 32
1 100
158 3 2
157 1
149 2
34 2
3 3 2
3 2
2 2
1 1
3 106 2
3 61
1 89
1 15
67 25 2
32 10
66 3
21 18
3 3 2
3 1
3 2
2 2
3 3 2
3 3
1 3
1 2
3 3 2
1 3
2 3
3 1
114 106 2
6 101
25 58
1 39
71 87 2
36 44
1 87
71 1
20 243 2
9 4
17 17
6 178
250 124 2
147 6
126 88
146 93
4 3 2
2 1
1 3
2 2
75 212 2
29 10
7 63
14 54
19 3 2
10 2
1 1
2 2
53 220 2
34 30
38 1
3 7
3 3 2
1 2
2 1
3 1
4 4 2
2 2
3 1
4 4
270 157 2
179 16
56 122
41 81
166 179 2
10 48
21 162
151 116
3 3 2
3 2
2 3
1 3
3 3 2
1 2
3 2
2 3
17 3 2
11 2
17 3
13 3
252 3 2
44 1
231 1
8 2
3 95 2
1 71
1 53
1 77
258 3 2
163 3
211 2
191 3
3 53 2
1 31
2 42
1 23
219 89 2
135 21
189 14
40 33
244 3 2
220 2
182 2
60 1
300 5 2
2 3
15 2
300 5
135 109 2
26 108
35 44
133 76
291 211 2
208 67
155 167
81 199
226 61 2
118 38
84 50
213 36
4 3 2
3 2
4 3
1 2
3 3 2
3 2
1 2
3 3
276 170 2
129 148
191 114
39 63
3 3 2
3 2
1 1
2 1
122 174 2
114 131
29 27
94 37
4 4 2
3 2
4 1
1 3
4 4 2
1 1
2 1
4 1
4 4 2
4 3
2 3
2 1
45 116 2
19 78
44 77
7 106
276 3 2
246 1
145 2
41 3
144 3 2
89 3
100 3
129 1
298 116 2
20 54
42 64
181 36
3 3 2
1 1
1 3
3 1
208 273 2
115 100
153 250
187 251
3 3 2
2 3
2 2
1 1
140 38 2
96 34
11 3
128 13
116 180 2
88 84
50 38
29 131
3 3 2
2 3
1 1
2 2
3 4 2
1 2
1 3
3 4
221 169 2
167 36
77 132
59 98
3 3 2
1 3
3 1
1 1
44 170 2
9 42
25 61
42 46
225 16 2
93 10
34 5
146 5
3 257 2
1 233
1 11
1 17
3 3 2
3 3
3 1
3 2
4 3 2
3 3
4 1
4 3
80 112 2
38 85
23 94
71 98
48 230 2
5 227
26 141
6 110
168 75 2
47 3
20 35
4 10
245 3 2
69 2
231 2
54 2
289 211 2
225 65
159 6
89 13
3 3 2
2 3
2 2
3 3
117 3 2
79 2
60 3
18 3
9 238 2
8 156
5 230
4 8
3 3 2
3 2
2 3
1 1
64 223 2
5 170
33 136
34 45
50 139 2
44 45
6 120
5 60
4 4 2
1 3
1 4
4 1
4 3 2
4 3
1 1
3 1
95 157 2
38 143
71 37
10 59
3 3 2
1 2
3 1
3 2
3 3 2
1 1
3 1
2 2
3 95 2
2 67
3 88
1 13
4 3 2
4 2
1 1
4 3
3 5 2
1 1
3 2
3 1
141 267 2
131 38
1 215
3 95
4 271 2
2 236
3 168
3 89
196 103 2
55 12
31 70
68 53
7 7 2
4 4
1 7
2 7
3 3 2
1 2
2 3
2 1
3 3 2
1 1
2 1
3 2
3 3 2
2 3
1 1
2 1
3 3 2
2 2
1 2
1 3
72 300 2
38 228
56 46
44 66
186 263 2
90 115
175 74
38 165
3 3 2
1 1
2 2
1 2
4 4 2
1 1
4 4
2 2
116 92 2
112 18
6 54
18 64
116 138 2
56 86
28 44
110 102
3 3 2
1 3
3 3
2 2
129 52 2
4 17
104 11
114 41
3 256 2
3 162
3 208
2 250
4 4 2
2 3
2 4
4 3
3 3 2
1 2
3 3
3 2
4 3 2
4 2
3 3
2 3
3 3 2
1 1
3 1
1 2
94 26 2
29 21
61 19
22 19
222 107 2
187 74
94 24
176 107
3 3 2
2 1
2 2
3 2
142 138 2
37 101
127 118
81 49
209 299 2
50 42
137 92
53 197
82 3 2
20 3
51 3
16 3
242 173 2
210 29
94 76
144 64
176 3 2
159 3
79 3
42 3
3 3 2
3 2
1 3
1 1
99 3 2
18 3
75 1
20 2
270 144 2
256 47
20 113
251 22
71 87 2
36 44
1 87
71 1
3 3 2
1 1
2 1
3 3
69 68 2
9 23
26 16
9 44
3 4 2
2 3
2 1
2 2
3 3 1
1 1
2 2
4 4 2
4 3
3 3
3 1
160 149 2
75 15
76 149
22 8
248 275 2
86 128
145 122
16 19
4 3 2
2 1
3 2
4 3
3 294 2
2 133
2 29
2 136
3 3 2
1 2
2 3
2 2
25 65 2
5 10
6 16
7 9
64 295 2
43 6
13 238
19 29
191 3 2
48 3
12 2
154 2
3 4 2
1 4
3 2
2 3
3 3 2
2 1
1 3
2 3
4 3 2
4 3
1 3
2 3
3 4 2
3 2
2 4
1 3
158 34 2
135 16
61 7
66 11
4 4 2
1 2
4 1
3 4
3 3 2
1 3
2 3
3 1
20 272 2
7 12
12 50
20 140
173 44 2
143 12
80 26
129 22
113 3 2
31 1
42 2
91 2
190 195 2
71 146
82 8
37 161
3 98 2
1 12
2 2
1 81
6 61 2
1 40
1 24
1 56
4 3 2
4 1
3 2
1 1
4 4 2
2 3
2 2
4 1
3 10 2
2 10
1 9
3 9
3 3 2
1 1
2 2
1 2
259 110 2
66 23
226 78
152 57
109 3 2
37 3
79 1
96 1
3 3 2
3 2
1 1
2 3
3 3 2
3 1
1 3
2 1
22 3 2
15 2
22 2
19 3
3 3 2
3 3
2 2
1 2
4 3 2
1 1
4 3
4 1
3 4 2
2 3
3 2
3 1
3 3 2
3 3
2 1
2 2
4 4 2
4 4
2 2
4 2
4 3 2
4 1
4 3
3 3
297 3 2
153 2
222 3
27 1
3 3 2
3 3
3 2
2 2
259 179 2
141 162
185 106
101 127
300 115 2
124 97
130 46
82 18
4 4 2
2 3
2 4
2 1
3 34 2
1 8
2 22
3 16
171 234 2
58 26
69 153
83 50
3 3 2
3 3
2 1
2 2
168 157 2
27 14
154 68
46 114
4 3 2
1 2
4 1
2 1
3 20 2
3 18
1 11
1 5
268 259 2
204 3
6 162
234 122
3 261 2
2 207
1 163
1 220
112 184 2
92 11
83 139
104 22
3 3 2
2 2
2 3
1 3
67 55 2
53 41
24 6
61 10
184 238 2
179 45
137 177
183 9
4 4 2
3 2
3 4
1 3
108 10 1
102 9
15 10
3 3 2
3 1
1 2
2 2
101 3 2
7 2
58 1
16 3
193 291 2
22 179
60 194
4 5
3 3 2
1 1
2 1
3 1
8 8 2
8 1
8 8
1 1
4 4 2
2 4
4 1
4 3
3 4 2
3 4
1 2
2 2
4 4 2
4 4
3 2
3 3
296 79 2
158 66
257 62
100 19
223 3 2
223 2
154 3
99 3
3 3 2
1 2
2 3
1 3
273 291 2
61 163
120 29
231 45
199 298 2
45 200
173 218
42 194
4 4 2
3 2
4 2
2 2
227 59 2
158 43
119 35
68 1
3 3 2
3 1
2 3
1 3
58 3 2
6 1
16 3
38 2
4 4 2
4 2
2 1
3 4
221 142 2
185 6
114 41
54 120
4 4 2
1 3
3 2
3 4
3 3 2
2 3
3 2
3 3
269 115 2
92 59
110 86
73 22
225 249 2
178 100
129 202
130 184
168 222 1
141 222
128 5
4 3 2
2 1
4 3
3 1
300 187 2
288 42
78 11
107 58
3 21 2
1 1
1 14
3 11
27 215 2
8 64
23 80
23 23
4 4 2
1 1
3 4
4 4
4 4 2
4 2
2 3
2 4
74 3 2
3 1
62 2
27 3
3 3 2
2 1
1 3
2 3
3 3 2
1 1
2 1
2 2
3 3 2
3 3
3 1
1 3
255 81 2
74 12
4 67
27 50
300 5 2
2 3
15 2
300 5
149 123 2
16 106
78 24
139 123
4 3 2
2 1
3 1
2 2
8 273 2
8 109
4 201
2 13
3 3 2
1 1
2 2
3 3
117 208 2
34 145
95 27
69 133
4 4 2
3 3
2 2
1 4
3 3 2
1 3
1 2
1 1
3 159 2
1 116
2 89
2 101
3 25 2
2 23
3 20
2 14
3 23 2
2 7
2 2
3 9
4 3 2
4 3
3 1
4 1
300 300 2
1 1
1 2
2 1
285 209 2
182 20
125 50
228 189
206 208 2
135 37
186 185
52 155
3 173 2
3 22
2 139
2 87
214 3 2
101 2
68 3
85 2
6 105 2
2 33
1 20
3 80
199 286 2
57 69
65 214
7 264
3 3 2
1 1
1 3
3 1
198 3 2
7 1
50 1
103 1
3 3 2
3 1
3 2
1 2
204 268 1
4 197
14 18
4 3 2
4 2
3 3
3 2
24 120 2
24 101
8 73
23 13
86 61 2
22 1
86 38
74 6
248 211 2
3 98
216 158
16 14
4 4 2
1 2
1 3
1 4
4 4 2
4 2
3 3
4 1
46 3 2
5 2
39 3
20 1
4 4 2
1 3
4 4
2 4
3 191 2
3 184
2 46
1 113
205 245 1
98 138
192 25
243 3 2
178 2
212 3
233 3
4 4 2
3 4
2 1
3 1
284 3 2
264 1
245 2
217 1
3 3 2
2 2
3 2
2 3
4 3 2
1 2
3 2
3 3
4 4 2
3 2
3 1
4 2
3 3 2
1 3
2 1
3 3
300 97 2
227 79
92 69
246 58
3 4 2
2 2
3 4
1 4
67 25 2
32 10
66 3
21 18
242 112 2
199 104
223 111
187 1
4 4 2
2 2
4 2
2 3
94 3 2
35 3
42 1
69 2
3 3 2
3 1
2 1
3 2
3 3 2
3 1
3 3
2 1
286 86 2
84 40
132 77
228 3
3 294 2
2 139
2 81
2 220
300 300 2
1 1
1 3
3 1
4 4 2
4 1
4 4
2 1
47 3 2
46 3
2 3
36 2
89 62 2
44 62
11 21
65 45
3 3 2
3 2
2 1
3 1
270 84 2
253 49
241 20
142 79
3 4 2
2 2
1 1
1 3
3 3 2
2 1
2 2
3 3
4 4 2
1 2
3 1
4 3
4 4 2
1 4
1 3
3 1
3 3 2
2 3
3 3
1 3
4 4 2
3 2
2 1
2 2
3 13 2
2 11
3 7
3 8
7 266 2
3 60
4 151
1 134
296 231 2
220 166
98 17
194 46
3 3 2
2 3
3 1
1 2
3 3 2
1 3
2 3
2 2
68 37 2
26 6
48 36
37 30
153 285 2
10 36
90 263
121 210
4 3 2
3 1
1 1
3 3
3 3 2
3 2
1 3
2 2
3 3 2
2 1
1 3
3 1
19 3 2
4 3
18 3
18 1
148 210 2
16 80
70 65
148 159
49 41 2
5 31
41 41
39 23
14 174 2
1 33
12 78
1 20
3 4 2
2 1
2 2
1 2
3 3 2
1 1
2 3
2 1
214 47 2
141 22
72 2
209 8
4 4 2
4 3
1 3
2 3
296 3 2
88 1
237 1
65 2
147 3 2
15 2
38 3
120 1
55 4 2
27 3
37 4
35 2
204 116 2
158 80
18 68
122 93
260 248 2
212 121
112 198
193 141
3 130 2
2 1
2 91
2 8
4 4 2
1 2
4 3
2 1
3 3 2
2 2
3 1
1 2
3 4 2
3 4
2 1
3 3
3 82 2
1 80
2 68
2 54
3 3 2
3 2
3 1
1 3
263 183 2
210 164
92 31
94 87
3 296 2
1 145
1 287
1 100
55 53 2
48 42
39 31
29 10
3 3 2
3 1
2 1
1 1
163 150 2
141 92
10 57
156 118
269 3 2
68 3
28 3
76 3
4 3 2
2 3
2 2
2 1
63 165 2
45 1
26 71
34 83
168 21 2
163 10
97 9
138 21
3 3 2
2 2
3 3
1 3
3 3 2
2 3
2 2
2 1
4 4 2
1 4
4 4
2 2
