4000
171025
395551
87655
199926
237756
103021
130324
257248
61502
154995
418050
376673
66094
430597
313187
292598
187670
439818
194538
391939
237047
437537
126478
437252
118377
177890
287146
256786
167023
386675
434945
196895
41113
384227
353822
2750
222339
3239
161226
290818
206027
400142
390167
393857
303280
407810
378425
119284
328710
95422
89748
260046
44309
445399
176561
126614
343393
177432
50234
257667
61493
222494
66628
8484
399369
383676
242365
286665
82994
180476
295323
415569
65832
422611
191988
215648
186531
411872
169483
351005
268254
179297
289368
190598
368798
46497
409457
410528
407244
72754
35236
317567
440526
200355
124183
41853
60372
271262
60694
336779
337981
144049
55963
113474
434426
221014
370412
43988
159562
174273
61262
302836
127317
266950
420008
358943
336853
306869
345378
233749
191374
164179
292732
226088
169341
9318
46459
35552
219694
269372
20718
140728
321736
358169
397071
45992
78100
202827
289093
5840
77883
9355
84693
261406
33069
13139
386137
400717
259821
1734
397753
257274
379865
257888
344534
415860
416648
252
335206
369071
169069
443324
378649
14996
272616
29416
303226
105977
140251
393030
217649
7048
444681
113682
76021
84607
304042
61786
282031
290228
15164
132105
188745
144675
159700
6974
231013
329733
407906
204872
224939
77454
283298
118816
171850
93460
177407
394227
174320
14775
135602
353099
401493
270977
157176
294601
32593
372843
357857
17440
188029
213609
306181
44081
225927
99139
230881
191311
391711
360977
48335
318398
311054
293891
338036
347245
360903
181610
29842
351053
428757
77430
215470
278909
324212
425773
235132
337108
119820
161189
358150
313482
227512
366926
239356
417506
430981
297759
324869
39704
441174
427467
229811
309667
35556
48592
284836
408808
1410
373004
382357
145371
25822
369564
88338
244530
298676
208178
177129
15303
267357
416738
86860
11050
38052
9
301396
222721
94025
390987
180995
388957
230911
36167
35490
111211
15616
227417
208025
11571
285488
315037
429149
361936
337406
30459
424051
19260
267991
432307
68179
223912
33733
404965
252888
127429
20581
48749
200115
212082
446310
248394
347535
205346
204685
329722
302224
303145
276918
305028
186005
48467
366773
419649
328700
105425
409034
220535
200740
336224
369778
174980
244974
90872
310218
415059
209757
27855
139215
282302
105948
431463
411377
140673
77246
324779
292758
307926
125985
180801
315370
422371
234380
396475
218628
289708
94087
356560
82820
204213
219018
297731
123817
243321
213422
275405
259487
316848
76943
330428
427077
206064
74611
363702
270813
96867
375540
137115
162044
64961
226969
344151
212657
352218
141891
375617
110466
440322
22755
196500
128914
227033
121481
83127
219488
409846
93943
311610
59865
28575
421156
224447
297500
309416
86748
113091
360350
267030
165140
23768
24404
367854
157708
106512
346510
177278
415197
300136
283620
105016
258530
58591
56167
70999
165956
211665
142938
293343
179741
74964
234378
33573
240333
370094
409336
339368
351419
350737
82456
41867
199603
140404
435442
250705
268030
177872
323061
273651
185663
404900
196267
315760
228650
98389
362104
186882
239599
269493
351212
327369
311204
224222
3624
323190
273009
442348
135757
85334
227524
286516
29136
228761
396148
86581
14953
232846
285043
294538
302971
306861
243229
350472
249678
304352
195725
358346
96712
336511
436479
197319
389882
388999
11392
350813
187910
5910
78625
340844
24591
403317
192715
419185
255817
18418
198172
133053
226127
287353
128895
112722
398691
264991
29450
332330
100799
77643
299185
216163
351067
131201
381672
257611
354808
398844
102117
121875
67801
209080
76868
293027
375665
387705
327412
27547
283687
273307
258014
174385
426390
231607
11798
30204
131857
221694
426811
120636
408052
29525
266376
193219
256005
10989
369789
225044
348345
265918
203127
444311
311236
247776
340652
258774
194280
98838
401027
224375
151230
224967
168591
386406
144307
403738
355533
301805
199241
304541
172611
373347
76047
426770
109368
84095
56571
205543
27058
112152
14275
202817
423515
307067
173515
100740
47181
426423
110744
87233
335868
202328
127859
357564
425971
142606
293529
10184
343158
71305
61408
74066
434534
310691
187284
181623
340468
409690
149344
167635
377149
98089
347992
302103
139059
79971
282098
338982
233612
193931
244277
372636
357843
141682
210393
436795
230125
120926
80094
374532
422854
77043
288985
127327
446330
311088
314537
50134
11807
275081
59064
289236
61359
359901
404605
33013
208964
355267
60622
261466
261724
125078
181090
289869
59436
408170
248932
188571
448385
315705
413124
393954
76785
375855
270008
443928
38816
72222
253856
282661
218927
434623
12727
406527
195263
190550
29461
316656
215955
77456
172321
348870
318962
339852
165076
19367
331244
232755
420985
124926
230596
192853
193472
309510
294924
56098
403810
422914
211823
176257
103678
398215
80311
229088
318386
336583
333486
253097
290358
6123
192930
135966
786
57116
129426
48129
352671
284510
72133
164226
168635
352409
324394
98293
320230
236869
79305
236303
325162
329409
219688
100077
217383
212864
347274
263697
211548
404865
414339
71642
179346
324970
355686
145183
432818
231824
216639
351176
328439
153782
288092
299946
319502
61359
356646
162460
93418
260897
436894
335626
328484
183080
347698
350742
266415
343876
23454
371701
85209
436145
435535
239229
215278
445201
109620
269081
181463
109704
244509
66327
253072
440531
114037
394143
82374
230357
198668
238896
434543
356080
152877
15464
276084
171757
302079
345023
175913
180488
363702
356289
173022
337178
40585
217238
337022
311044
55886
366848
226548
259094
192770
239601
388461
372969
45381
276118
82296
428863
132193
405235
236042
238101
434331
222732
105519
390513
339987
226734
107387
133246
134470
183448
334334
409170
368035
381609
209045
296568
444506
352295
393501
390158
410607
247849
423427
80957
242558
126802
250199
352320
379929
17483
62239
223956
287149
56203
218152
305915
147651
216501
294711
199036
169010
117614
71293
101978
65153
110554
54153
176383
241386
271442
386167
121526
287482
4260
222742
403026
374246
69960
319287
18973
305111
173850
78242
107825
62390
352744
336963
277485
175794
132041
94465
271973
32174
360168
368895
380825
127048
170989
15884
318559
240404
44822
189653
299279
270375
252439
313290
23708
172847
334315
94205
187514
10240
84709
149542
144528
16713
292840
360020
92700
253093
387103
91487
318093
201102
148953
315209
118385
53052
278213
394291
203195
174938
194310
375291
187808
112681
350324
392578
384879
441246
332207
140476
349019
202919
232928
334017
132390
29660
296141
352384
387195
310688
114681
364035
432392
301734
24166
44542
201270
327600
305256
180561
294023
157170
235623
330349
350427
155077
24448
358035
26463
271832
109177
383208
340659
442641
57615
310981
352741
164881
134414
179898
178495
300134
201612
76194
90474
213098
373506
93490
291774
69320
98168
399612
9575
250478
221692
168784
314437
303438
445791
258657
81968
304207
92780
57829
35590
226689
146486
154535
11667
273758
351804
17895
140620
370523
329196
210704
348904
126478
276402
15466
90475
84489
41930
299638
325360
152308
234410
84983
376898
238729
128805
381904
406215
155865
428685
70088
384490
268620
166104
358426
50963
275670
252510
334489
402901
60116
108844
94433
27588
406006
245736
388921
119521
93415
13122
432340
58308
243783
243603
405846
329429
358538
115557
366724
223303
79913
17887
209028
387041
284102
86283
358036
80521
129708
294821
80550
91567
92421
209298
67113
200612
121430
183115
201347
204886
325653
369685
348346
370601
133435
132622
268562
356435
246803
36821
199936
374067
92930
322022
234637
62239
370273
240466
218343
98170
367638
288103
423441
447422
5025
410625
423531
9355
447714
216220
12508
283068
19912
61093
116955
267394
33091
373852
146718
401407
165451
5448
437801
183777
64474
371687
35768
384186
274228
180272
285368
392568
267351
227911
84607
383461
402061
297900
51820
313933
122350
317953
23321
37591
30211
219958
375549
83107
213413
286259
134814
241246
201252
419393
145539
262021
343059
142853
230024
363860
56897
17914
288187
5577
155811
115802
40115
421417
35644
135449
325072
132334
82078
401998
93149
43597
182010
47950
38850
377968
173348
343799
249350
445956
184594
50806
445682
289185
141907
233461
65681
315569
394172
144533
171715
191199
316958
354707
24097
147166
430131
27930
441882
404355
62039
391366
429100
109520
53779
245712
104207
388525
54644
234091
287371
143525
370090
124633
416137
286074
300477
195530
317463
103030
24378
370051
411829
384944
397339
125223
94205
150727
50757
130229
134688
208638
188795
241357
205498
393220
243120
87104
313895
40303
241353
215139
267936
305716
431536
100591
448974
20117
197269
315561
282463
399991
116623
138953
210309
436111
283056
73001
268204
332297
431447
243244
95268
137221
51199
385496
256300
447902
371861
173921
101808
80776
432375
273252
64697
322694
222487
312892
240675
94709
177727
365861
387212
17912
218206
51227
225895
17792
239840
109757
21632
422744
433484
8484
286283
373179
200663
356010
149573
226130
128535
280217
393388
238958
152770
297249
322347
213966
284836
144148
360413
24206
132462
139698
97730
445356
55612
42877
182335
82504
127279
123496
189312
394983
392281
5857
397961
127668
344680
423511
131146
415524
430633
312634
156304
391780
119870
335630
11336
345457
303818
126219
417087
325700
388696
222789
385061
289976
250092
2418
28896
229177
356993
39773
363453
265915
296898
216615
345537
226292
21636
164996
86797
97015
109792
346825
124496
238846
265455
436384
403894
399251
62909
307941
19791
330091
321200
414961
414858
396672
201298
300720
362464
365785
41306
322993
161021
207480
8602
373145
211848
293231
448753
229973
422676
66544
283103
358810
153776
48448
161785
370698
435481
265816
312451
331558
187983
428184
323626
156394
341508
102935
86452
5882
18449
282379
422350
426855
69459
235697
377589
206621
43250
163626
70497
71388
446019
234035
344523
298769
266211
350319
237344
90257
120243
324435
120861
76978
355092
266893
117578
403093
241720
204018
393907
307683
374231
138947
71537
205907
447203
419515
150632
315142
429059
445608
112825
391983
400572
216627
113480
47202
379838
63165
299272
131960
405690
25992
53106
15676
70882
62240
23956
338694
139128
37988
339558
131793
134936
277205
287704
438826
385266
321417
339463
62439
297839
277884
122494
185314
249493
173653
50745
394337
107029
434352
322549
76356
292994
49501
20115
81482
148188
152708
351916
55631
146346
46018
33982
228950
169158
199093
15621
399279
207251
391489
433861
366262
363561
401436
143011
61384
281185
73292
232451
218258
440076
67195
302475
250664
117581
228276
370871
218302
408423
112781
233750
19814
85457
189040
381490
302023
407847
186504
230477
137575
429498
323109
76422
263541
208743
296891
127547
250597
11668
80845
206777
169929
388134
93106
103774
271048
76177
213377
168016
376493
136855
41439
363862
371951
94194
104098
398148
159928
242188
267584
40836
239765
309659
365881
442719
217129
212731
448590
337548
57726
427187
131516
277023
390585
367737
212169
372051
295833
215073
227770
128146
354412
389488
112718
181776
413325
21248
433419
110760
293069
423020
12643
91214
236845
23643
81954
156100
318502
4393
410807
45592
10550
106993
7517
67354
120616
146551
32340
395644
332430
81201
236673
443746
354957
188646
333935
257352
377284
161983
178720
341187
406458
235338
156500
36912
38580
212749
258628
23288
42720
107127
316076
91253
194050
118130
379555
430334
404328
370581
141544
327006
391691
399846
128763
266963
120949
324876
449620
40163
318825
333283
357156
389848
209891
296345
299495
12796
49181
93765
149891
317200
171371
359207
435663
288374
160085
225930
123715
387134
355390
381094
294744
270829
193141
18931
145323
247050
250904
294728
116643
141891
138943
268672
39116
202684
300396
294014
306960
77175
424909
87368
271410
35279
83179
29294
48502
255470
307219
391918
369072
328719
285455
180400
284855
16286
219520
8876
352950
441275
10937
61196
113407
401133
179915
172699
331996
154595
80665
214589
447092
101510
300007
26776
94582
185866
227060
317968
96868
162963
336033
369185
300575
313220
288733
320053
345931
303315
72206
265509
416095
315977
445310
401932
116460
179333
402512
94647
264056
334576
289885
78841
265653
430491
69024
387547
174850
185620
349322
108193
116862
435288
440930
356247
361844
375234
330013
223450
305592
348434
91366
66659
244924
421097
362970
262830
95775
341008
134146
393273
132499
127208
236910
132680
280841
192683
268283
61141
361787
148498
99536
286404
2806
239025
393787
10949
164178
232253
383907
428019
17840
337293
77913
48153
325711
284718
342864
182068
328378
432400
50838
172756
383393
382318
95822
48396
364035
212347
216572
215976
46277
304024
77980
360638
168466
190370
432335
40142
59950
186664
361187
80035
301736
61354
411965
220923
246684
418508
264310
218595
395123
57002
345519
409676
23112
198294
101954
192842
92599
170877
224167
170506
371219
142648
427152
164691
253812
384159
155794
401302
289500
389351
138240
232688
369253
354955
10533
151854
36281
124936
304238
4847
364044
387875
397458
132965
43370
438854
27599
261909
153033
305911
171762
253775
44747
436633
12034
43911
414146
340347
157001
12625
276063
199807
221728
262172
446410
226502
376982
187621
63192
315382
95037
232828
56859
239405
310722
162179
181564
250879
161943
328163
1709
8156
327854
361641
86142
89901
280900
129854
422063
205692
164615
139524
77853
376083
318246
222572
35482
87213
440675
278756
252605
79081
31031
99965
302995
395998
270115
233339
423633
399368
165039
353830
124072
254943
220641
414958
39683
196120
181227
358203
117183
157477
371825
425138
355463
443016
4597
264995
231180
244118
208513
276575
177757
397558
54737
321976
122041
281960
185338
282144
195054
33314
178827
221667
436012
293398
178238
332593
170236
277647
5211
443795
253318
361498
322298
449135
426308
407586
285778
249271
33553
373315
220179
331275
351324
343536
288924
138207
266687
335489
115194
347463
410711
89780
146783
377406
301007
326675
75290
138166
411373
79862
173080
419978
424217
314799
218166
441216
421798
300660
21810
386250
179342
55594
197982
261947
59422
258044
48463
365751
308555
280459
215560
299491
293711
224175
187790
39131
152948
114284
182504
397986
146188
348256
81558
278468
389579
176312
67962
311272
380609
119651
358631
1601
269112
61502
302292
146947
445446
143758
434445
99811
379791
445708
169287
354536
306859
65210
130526
88365
171215
445604
437037
112824
371435
160914
189176
26372
395055
68730
73881
603
441867
277426
176902
185872
398353
63235
231580
200648
253817
389369
421610
227304
149697
184950
254332
32714
418479
180647
301121
127145
111445
25599
15804
436172
195327
109151
431204
46544
277115
61671
209000
264253
244534
170373
444867
296858
448847
46924
227095
321485
288026
159249
96297
200235
83220
13375
324633
383085
211710
179354
204989
447619
19352
299136
132473
414579
354187
317196
7901
3082
241762
332692
280986
158995
243078
319074
91010
430949
252229
119039
173099
276390
297775
395899
4048
312558
436364
322858
51237
203590
30989
311592
62868
270463
268493
56685
283609
123647
425332
228268
168742
403943
81897
105813
74132
195136
126512
378122
362535
331363
30167
444943
183500
320983
195817
405930
395841
32101
303598
233978
257921
227480
89296
372885
440092
111233
314729
144969
386735
305990
96238
95107
333492
291402
267586
336126
156809
111272
272888
153156
201749
79833
22154
167104
351325
27221
286607
42483
287762
151382
96508
59365
379651
38200
58810
118708
429127
216476
91919
73464
186735
174028
127100
19607
295724
321385
156739
253684
202781
397456
139874
433249
96642
363547
75440
87222
320146
393971
110179
337530
333765
448195
128236
21134
153903
167112
75168
152889
109930
375893
187843
26798
65806
212851
253331
414186
64128
306182
296926
238057
311589
221178
140785
351592
445585
152572
170703
393413
415504
230453
212298
427778
394575
328625
44561
361417
449272
236974
309717
109529
380873
73440
265129
308527
376464
165233
150630
346864
397909
11446
246665
236770
439956
220956
90346
443291
379877
272673
9850
371441
431930
342736
447143
35184
186980
97124
262654
375226
310610
289197
417951
406744
150184
161649
176870
205279
75272
101289
103515
39838
434687
381980
89735
161571
319694
70026
351313
379566
16771
422254
208740
141822
398212
423911
23551
439175
112904
91712
186362
301812
257794
219434
77007
414057
128778
60427
227244
132274
95978
218400
121012
184455
345186
25582
65180
129521
250152
405750
419065
85558
406816
400103
82868
414624
296371
346382
216502
434299
270767
163544
364678
254717
251963
51672
111932
255137
371973
330019
411425
415564
444442
94025
273109
145232
327602
121902
195069
232862
11749
429142
406119
348982
141550
428208
387003
21083
345354
446201
272160
134306
390957
307137
327703
146792
430802
68763
430184
374179
268812
47373
349544
58481
192717
300536
406132
295677
431586
173009
425100
237360
370410
371982
131902
146051
89170
66188
218878
211971
51022
203853
195456
223277
359253
212943
345666
150137
27641
264167
229496
257764
212978
110445
250885
224677
266935
207537
398050
93153
154616
200043
93791
23881
86730
199456
244212
92833
143376
91872
238466
265484
321794
301677
80282
73331
147069
241654
36490
68308
429735
183777
226560
383879
142397
445911
19308
306316
417051
312552
389894
201904
50678
375904
372057
376687
183338
313106
348763
395635
396412
337008
354121
81066
121659
115165
356820
26662
424919
221801
59954
79917
131982
223548
429187
92769
273935
309278
193617
278042
27565
225554
91682
156063
327698
322275
57470
182260
180509
341175
102183
227773
394473
405472
375273
330865
83180
392529
413232
106730
38377
246126
377696
374376
317250
449916
411062
170485
371261
273943
308089
398675
278337
449154
199051
437170
159166
279161
41746
306606
144695
243731
327565
354420
117309
82148
344549
346181
8809
352734
185443
213924
248069
315143
249800
359033
396615
123189
330908
36024
212523
60758
123478
301516
381916
11693
415221
123436
148975
118630
232905
366735
168829
7083
447233
318428
421947
406063
224818
80731
170567
23687
204928
183063
97568
159353
249116
294932
408898
132092
69658
143053
422941
23839
245486
131431
184482
229638
1891
323650
361402
32014
200663
348861
181890
334722
103478
25176
260614
384198
428242
290661
57769
431600
229996
174440
365454
23111
309346
34782
150247
344804
430276
398745
38983
245125
277220
337849
160598
157472
251834
379047
38881
411317
177441
301595
109435
95804
278274
400029
216564
271437
402138
208680
210547
428622
70619
361290
341491
150103
408140
388601
276536
404801
153694
249088
4749
83293
313836
197238
288876
448658
375005
435360
148457
55022
278826
228684
28795
369213
270134
134126
324775
21064
107791
216696
151418
172580
127568
166210
339811
174811
203152
429002
219468
309544
449291
149541
333587
197772
66458
56899
172393
254077
403521
16480
352501
67166
434374
370278
89702
127866
167129
367248
431636
20586
236884
348106
167106
30534
326048
111300
50674
365592
100273
219429
210068
435852
391487
265692
271101
45347
113811
245666
39072
82503
262042
132764
273515
63513
202329
186556
83361
119542
13517
373478
72207
116344
171837
188592
307597
431609
81871
150899
64772
313058
374819
234863
398598
396241
260752
360202
235022
185529
385017
368504
67637
314899
90668
176487
415902
122883
27383
95298
158703
72549
402407
304069
217276
401430
302942
153744
232626
178223
242000
756
251516
246156
426794
271834
230918
408299
239088
195283
225660
38368
216338
50714
131901
197094
82298
267350
432770
27343
383300
310875
151557
195084
232170
281216
141775
280760
269275
334364
345506
154718
311416
83434
409872
64636
338155
32667
6790
447855
196164
2282
431449
73053
358257
305338
100491
104530
222505
69724
116058
113906
275877
322717
332070
133070
54283
249036
276508
314865
122761
268602
321571
281802
19754
420153
305874
214612
397800
119159
392765
262352
365455
116804
304138
444244
204618
260878
21268
414317
328460
391710
232635
84272
328876
6955
294918
242767
231150
26397
432183
321655
20730
164476
74905
131909
204140
138871
234584
29577
427623
128464
66988
401666
160086
116
258948
343769
341297
246792
264011
205018
105784
355935
297242
106893
415839
111193
335066
166195
110198
316006
291347
444316
320564
181928
86966
273093
338400
245141
267780
184638
142635
14091
4137
310074
411389
89615
200025
402896
65978
291198
229557
444558
237153
271348
62473
76141
305681
238811
233605
55919
183112
315355
338038
340709
286474
265264
238929
209357
172810
60169
424203
126889
232280
245325
22152
135659
199047
104760
117102
55244
175578
225411
115317
319388
390714
391217
175485
335811
23350
224629
330092
106422
48760
218513
304386
239845
117552
337018
56843
283170
405759
103399
162961
141020
71106
365400
388267
417225
118425
130180
374743
104994
326659
67034
32783
59320
342968
87529
219978
153124
273331
423627
403074
381068
145849
184236
241421
287154
18778
58552
443226
154294
150531
326883
45706
23772
419806
418242
354153
88648
390423
121542
441031
151958
397147
408953
266008
128774
20511
299025
58548
94484
443610
178449
219819
379302
284560
364111
436697
354942
395181
31008
39714
360927
163882
377839
440218
39853
390206
52877
13859
377085
343108
273187
239668
206539
52789
156051
295587
68411
39890
358204
308431
268087
324385
380779
164364
301319
335329
212430
324363
45422
20715
269605
224245
289857
273511
278402
59109
390467
280504
213711
126415
268619
417637
290286
77041
363447
399509
149595
365508
86826
401862
310206
120447
365456
422635
109613
81928
201091
448367
321503
92999
405158
81242
98154
354730
443390
14495
266254
257231
179665
159983
362251
28529
285062
145950
56412
241761
228812
407807
121111
214560
32503
396335
446204
4855
173605
26027
51771
252596
104158
164927
241523
51297
264778
258573
131397
2898
235436
266502
256231
80555
356828
74919
148212
10988
245491
86402
189280
445530
141599
269272
4986
235195
36902
30897
291242
295949
400584
194456
62826
330419
148365
73765
40352
106925
13069
154968
349561
195331
147870
199023
75394
140111
410744
201140
76544
383284
86101
264822
391903
87406
181124
47154
326792
446007
433084
105567
258475
330851
256253
251843
308380
212729
203827
77588
97850
6063
155140
10591
156970
362913
367945
167391
103650
136445
55225
53306
280434
72062
283984
124446
224621
442114
267918
372579
33044
91674
131948
55469
392452
80575
244554
105585
217782
109467
300436
121057
192004
136123
9683
357638
16524
282991
301391
457
238797
111978
98082
257198
300925
123197
273816
277501
340781
220811
352595
433870
417748
90152
374954
27152
94200
297171
360993
398967
213468
356237
251893
145120
367731
400772
190302
254850
170115
378081
102102
5410
282516
168347
253528
61426
341703
385813
247394
354040
241412
391419
13461
281639
369307
90036
174331
440124
251708
298676
172712
192151
70034
29265
318088
53844
448411
148400
88520
173157
265731
340924
441025
147902
136333
144338
271584
195804
213187
419115
181617
233235
260837
404135
109433
40514
99757
227074
415298
79205
52211
299078
165393
126151
236365
55037
267795
372994
262798
202753
196518
60773
5087
365139
293525
149312
414748
60708
324427
35487
201797
247506
302153
20033
154932
307315
357106
171220
328014
421655
12131
23038
134466
328909
106400
363482
448175
36293
443226
22046
314675
411485
28717
363189
216189
188714
217845
375678
21156
75589
30832
362719
130417
252991
105422
274407
371270
138658
30422
156591
443554
210038
192595
337068
255533
184509
44891
264629
57390
189996
324895
209707
69756
268886
381198
117897
342640
388374
262725
127401
357306
422185
34705
16113
323899
67749
448965
201368
320015
204890
36375
153353
108701
166564
270804
404563
95655
248730
358964
355658
235580
370854
18488
345710
432509
101809
226464
106853
145309
324202
256377
320632
279185
72467
254420
73063
367654
4937
369313
143578
226706
436734
76842
84181
291347
259604
429276
384678
165076
43143
190736
265294
391406
53032
121897
191514
41179
148962
196021
184606
301558
334203
20838
252125
334558
70585
340027
67815
22232
4126
201895
15534
121332
317921
105635
397415
2632
164842
373999
28698
261529
299802
276563
271382
281305
232005
97908
390805
304602
36093
144531
294038
16832
443580
366735
356717
247876
339438
412890
225363
380036
298616
308313
145083
23752
151129
53429
267059
83296
446891
351519
88723
164250
315446
83425
114917
415935
120146
144367
394560
354397
393606
422859
376963
84751
393138
318152
147339
56024
173317
66983
251137
376142
381980
359437
254611
383651
437256
331574
307597
58512
79050
300690
132644
148794
175262
208701
41711
111766
43265
439165
62146
173544
55601
48100
372328
426855
431456
278598
232236
436717
188307
185300
233684
227738
146477
107622
295787
148600
405155
321064
363690
408682
32348
235611
289938
14477
7207
216924
409736
86528
313593
377986
289677
191280
215809
330609
291977
245324
192538
348139
80132
324216
141453
98758
18544
227661
1520
45561
280598
203948
253758
424048
401164
147091
72852
196879
32672
139225
76006
23570
425988
83459
23836
356067
134534
337081
365900
332597
216730
189938
21829
228813
113542
384044
7685
447633
66202
62777
285080
193577
93914
442707
430189
164961
251817
139615
38950
334976
437331
346095
22173
315827
231736
107650
64846
277299
198912
291782
374325
284693
87311
356254
335812
151328
199095
342318
242816
15353
227444
89299
116777
218826
405176
303488
402980
157025
10452
118706
447975
91844
101039
191557
39777
188643
265398
438352
130723
304518
40336
368860
30239
266757
283837
277890
80923
219910
215995
71250
354290
315777
170100
317535
147688
299296
244327
242215
321271
66482
289505
5793
48203
433775
137656
422991
152054
34101
111236
156227
51296
189024
61338
390958
227967
212073
347319
86515
310639
412101
139733
431147
122463
437422
192365
349793
84536
106191
124969
435405
400874
442201
353892
77006
182900
200723
327329
155104
390224
275950
5541
45598
272729
307638
241506
160097
433833
177684
7024
296758
426340
283168
69354
354125
133419
290228
151027
365149
257773
362876
302835
19110
265505
228554
382626
371919
50696
18582
96863
344509
336514
395826
195933
443413
186576
211691
31403
412440
158946
337163
86334
277997
153644
38044
136318
163245
358537
325623
293578
420888
317820
188555
93128
194021
263935
7177
61597
160070
327051
399883
218949
124409
155922
335445
226400
82395
441564
34499
7098
312968
167180
88578
43380
416494
766
428012
157860
2543
64783
41835
173462
235396
374249
1214
76941
227870
157722
73897
68539
103336
182992
270982
278696
181785
291235
254954
272610
429958
80846
59827
134674
133764
18988
170429
308423
13451
284091
363028
354657
368838
355392
15331
201916
71382
393943
424491
197366
64246
35796
110895
339151
123258
247659
204972
271596
229281
428552
206566
340392
169417
402252
249774
129944
325041
17701
125488
41545
191657
17545
381496
379337
339030
287503
164676
414702
49603
11386
234613
95622
89393
1522
161327
158109
434334
401761
314720
187029
421476
411607
342333
343413
63448
139290
382712
59904
202483
328141
269774
284256
319821
207548
371213
361183
379989
192209
441458
294626
447501
448870
294912
255123
440962
182840
80941
284073
428506
448485
318934
226982
79382
374690
53555
146860
157959
117019
317941
76813
175437
61239
264156
82351
198314
74326
312229
408856
321220
351419
369985
257051
10122
277760
83249
132718
393934
267707
292156
129447
160192
314379
317411
351811
